181.23
50.88
172.17
47.95
181.21
45.59
182.12
45.62
168.74
68.81
104.22
49.29
67.53
65.37
63.79
50.04
52.33
53.26
62.28
58.77
39.41
65.36
59.85
30.66
53.28
59.44
43.53
53.22
38.42
43.41
42.10
40.61
64.71
66.47
57.56
57.64
76.24
47.13
43.57
76.05
47.05
42.83
51.05
61.50
40.09
60.70
57.69
54.74
64.49
51.86
33.01
36.09
54.33
39.57
41.61
52.02
63.61
62.32
31.72
24.73
38.73
58.94
27.68
38.06
72.84
31.74
39.97
29.99
26.62
31.32
90.28
51.22
65.39
51.08
39.60
71.75
66.89
92.45
108.02
38.33
58.41
56.47
59.01
53.83
41.09
34.81
76.62
61.21
61.51
67.65
62.88
48.42
74.34
66.43
53.74
55.81
43.50
52.09
59.36
36.14
38.32
73.79
45.44
74.87
73.26
75.87
56.65
61.68
68.83
51.14
61.38
65.04
55.19
44.64
58.82
50.52
70.58
65.28
69.88
67.36
66.13
37.66
54.80
48.84
34.82
50.34
77.76
61.89
89.13
73.86
44.23
63.39
40.50
47.20
43.52
90.80
273.18
60.60
71.35
266.68
65.92
49.41
270.36
248.85
263.96
255.67
265.68
246.91
269.19
269.73
68.28
63.77
37.68
51.51
252.28
239.23
268.40
269.85
208.04
210.74
206.13
193.22
230.96
81.06
89.91
82.16
72.40
71.37
61.11
80.87
92.37
72.97
32.42
48.00
102.47
81.96
61.51
79.37
70.41
76.06
116.58
68.36
221.24
65.05
91.72
80.92
60.78
67.46
94.30
82.40
80.05
79.12
130.99
68.60
62.88
55.24
52.59
64.67
103.91
217.26
82.47
83.72
97.14
72.25
69.68
78.16
119.18
43.11
94.28
56.10
86.74
98.58
59.87
77.42
95.84
78.21
95.54
37.98
48.31
39.54
94.46
61.87
90.64
75.89
56.59
53.27
202.26
81.24
64.05
89.15
81.85
92.61
87.68
86.75
88.88
71.38
78.70
61.30
80.01
93.08
89.41
98.25
94.34
72.05
93.63
88.69
64.39
50.18
226.11
77.63
92.12
77.00
90.56
60.48
85.77
78.71
82.24
94.53
81.50
75.51
79.75
78.40
71.23
63.39
68.78
60.10
44.54
76.66
66.19
78.69
83.51
226.64
72.35
73.91
91.35
59.64
66.95
99.32
103.93
84.79
81.64
81.86
46.79
54.15
51.93
70.75
105.33
94.22
86.70
81.95
92.25
65.68
45.90
86.12
85.28
221.02
75.99
68.47
53.81
88.36
90.04
70.81
43.28
85.39
68.79
74.41
54.27
62.62
73.03
64.66
59.23
53.02
85.98
108.25
222.96
84.34
83.40
61.47
70.94
107.39
92.78
84.71
63.01
92.34
56.86
90.22
92.18
77.44
74.39
75.90
81.30
78.87
77.45
63.04
52.04
48.38
60.38
98.06
223.46
219.39
213.14
227.06
210.27
229.50
207.48
230.35
237.88
249.94
251.30
219.63
218.55
246.22
202.84
220.00
214.41
225.55
215.66
218.01
217.14
240.75
239.90
224.07
212.63
220.62
233.04
214.16
214.12
222.78
224.14
228.50
182.12
46.81
36.19
50.22
51.90
48.89
42.77
47.80
43.15
27.74
38.46
18.44
33.84
51.17
49.77
33.72
44.87
35.05
44.81
35.57
43.17
28.33
41.50
34.42
32.00
17.41
37.97
69.74
190.13
38.56
34.29
36.93
46.82
40.51
37.64
40.61
80.77
26.25
32.32
16.33
17.91
53.78
45.79
41.70
48.03
23.75
30.47
82.33
26.44
26.36
17.72
38.14
68.25
290.59
41.27
30.01
46.62
45.77
42.38
21.53
27.23
32.31
53.94
45.19
37.18
48.23
40.81
35.17
53.91
51.30
30.67
30.02
45.93
32.64
16.98
42.19
26.69
31.27
76.77
179.11
68.15
44.04
42.92
29.06
45.68
36.08
17.73
41.99
75.50
188.19
43.81
44.15
39.27
29.09
31.24
50.51
64.26
43.07
17.78
48.70
37.70
46.43
38.76
28.14
58.36
127.20
32.62
44.76
46.76
45.69
19.91
44.06
81.88
180.15
57.19
61.01
44.11
36.20
18.61
43.40
21.74
47.93
42.49
43.56
34.42
47.75
30.74
20.81
45.73
48.49
39.96
37.92
38.57
28.77
29.92
41.64
37.31
32.71
32.04
33.79
178.89
40.12
49.26
26.84
29.80
45.34
46.85
44.83
36.03
45.01
43.26
50.49
18.76
44.99
47.26
16.55
28.07
30.09
41.73
31.13
43.04
37.63
42.70
42.94
41.10
35.25
32.55
25.75
29.09
41.30
193.22
54.46
48.38
47.44
30.21
49.18
18.64
39.89
35.15
41.39
48.19
19.06
34.35
46.00
43.96
46.37
45.67
43.30
29.14
46.79
39.21
34.50
38.87
41.39
45.26
31.89
41.48
28.57
38.04
49.70
244.93
268.83
223.92
258.78
263.08
214.61
249.82
222.06
266.09
220.28
282.36
265.30
266.10
231.09
214.88
244.02
252.82
59.46
64.68
51.91
63.70
96.36
69.07
64.74
150.12
102.66
63.68
75.37
61.52
68.93
68.73
93.62
62.00
51.33
55.66
94.65
238.91
87.08
227.07
222.75
65.98
243.65
106.17
95.91
270.91
95.42
236.27
88.53
82.53
225.91
214.08
86.69
