131.36
49.97
137.67
48.20
128.57
50.81
123.91
47.48
175.10
62.14
55.59
52.83
55.05
52.99
48.38
48.94
58.03
39.58
64.47
30.04
42.55
37.20
40.03
50.51
47.41
33.36
35.32
27.13
45.69
67.81
53.00
56.90
57.38
39.12
45.02
47.84
42.16
30.01
44.93
51.21
34.91
43.17
28.03
39.71
288.88
62.39
44.52
53.67
88.56
43.79
53.28
33.04
64.69
60.81
36.33
53.80
48.02
57.90
41.53
39.76
38.51
30.79
30.84
59.00
58.10
61.77
48.77
50.30
47.28
36.79
65.23
53.06
56.11
53.81
69.43
53.12
48.01
38.43
32.69
54.91
51.19
49.03
53.89
55.11
45.53
38.57
50.14
57.81
56.67
48.44
41.46
38.41
45.19
52.00
59.51
37.48
49.21
62.74
58.14
50.81
47.50
65.83
50.51
61.32
33.79
38.83
51.94
82.32
66.14
56.16
49.99
50.07
57.71
44.78
37.35
59.51
55.23
52.35
54.66
52.98
66.18
52.91
44.72
34.48
27.31
42.93
39.32
30.22
69.83
42.26
36.35
29.50
28.41
37.18
47.73
26.95
196.02
210.52
201.48
192.62
206.75
61.02
216.42
195.00
189.71
188.61
192.00
68.54
73.61
58.91
204.78
209.45
64.53
200.68
181.29
55.78
59.63
197.21
150.56
133.29
146.71
156.22
156.65
74.27
66.06
80.83
76.92
64.97
103.04
60.38
75.36
58.54
61.69
48.75
56.09
49.88
55.93
60.04
44.76
76.66
63.63
57.36
53.56
68.07
166.30
66.35
68.52
56.24
51.50
65.75
83.74
48.53
44.15
50.38
44.39
109.08
65.20
60.31
72.34
46.53
54.66
59.49
65.28
59.26
81.79
76.39
173.56
85.72
68.74
41.49
70.48
64.29
114.81
58.80
62.39
69.10
59.11
77.78
70.94
51.10
59.22
74.15
65.25
78.25
73.86
74.02
65.07
84.83
59.71
172.33
64.67
70.58
64.17
54.56
54.30
86.87
72.44
95.59
44.92
50.82
86.70
64.58
56.01
77.87
66.93
53.89
37.96
59.73
46.77
94.93
88.06
168.27
79.10
86.22
55.71
38.79
52.51
112.76
80.90
82.63
63.38
70.65
74.85
58.09
64.44
55.29
34.96
45.81
77.30
70.13
76.58
57.62
67.07
173.10
84.15
74.91
73.10
69.89
71.26
98.07
44.18
35.87
58.18
51.23
92.27
82.10
75.76
80.08
86.03
79.62
36.79
56.34
87.80
73.64
160.28
62.04
73.59
62.09
79.27
61.56
77.97
53.80
45.53
40.18
46.66
45.20
46.88
58.00
81.22
81.85
60.71
70.45
62.57
65.77
85.03
78.79
172.74
88.76
79.55
75.96
59.01
43.96
143.99
87.58
72.25
77.22
81.20
42.30
63.12
52.80
58.34
52.60
48.02
44.37
50.59
59.84
81.55
59.50
165.70
158.49
173.35
162.93
163.33
184.92
167.69
156.32
165.69
149.90
151.44
164.96
152.27
149.00
173.69
161.99
155.03
170.33
173.18
166.58
178.65
165.36
161.39
169.16
154.89
193.17
158.86
156.12
159.64
160.00
177.29
169.07
113.26
29.40
44.09
29.46
36.00
33.45
37.59
41.49
41.81
35.15
29.22
29.92
49.62
75.43
42.76
28.63
29.70
39.13
40.18
48.16
40.84
37.84
33.42
40.03
129.47
38.52
30.15
39.90
22.20
37.62
36.22
38.92
34.26
35.19
46.16
38.46
158.94
72.72
41.13
35.81
30.46
39.70
32.83
37.04
29.05
27.47
38.94
44.17
42.51
22.96
120.50
40.75
52.64
40.35
32.90
33.49
29.76
33.35
233.68
47.31
24.63
41.20
21.83
58.42
44.11
36.95
41.15
40.20
27.30
32.00
31.48
36.82
31.43
21.41
29.92
26.73
127.20
41.33
51.71
43.36
29.33
43.00
18.75
34.67
27.36
27.24
35.69
45.42
41.10
74.91
38.87
26.79
25.08
16.23
26.73
19.18
36.93
30.11
44.33
43.17
37.83
47.15
113.68
34.21
40.01
38.49
36.65
25.14
23.96
59.74
26.22
63.53
32.66
22.62
35.76
53.85
29.30
34.21
31.17
30.84
31.27
35.15
39.81
37.75
137.07
47.98
44.64
27.99
34.30
41.62
16.73
18.91
36.36
23.16
30.86
40.58
22.07
60.68
41.23
46.38
41.19
41.89
38.69
38.06
48.24
39.84
28.58
37.66
41.35
130.84
38.15
39.95
40.08
27.66
32.22
39.97
33.35
35.02
38.10
34.23
38.66
39.37
32.55
20.15
22.91
19.60
29.13
33.96
36.54
39.20
36.64
30.02
35.73
45.96
39.97
118.23
57.94
30.90
37.35
27.37
38.89
24.22
23.86
34.47
40.13
20.86
41.06
35.77
61.18
15.16
43.86
38.85
37.59
38.78
32.45
37.08
15.85
26.74
29.13
19.99
179.25
186.26
186.70
236.24
230.90
182.29
184.57
192.38
200.82
201.18
176.22
203.19
188.88
202.94
182.42
180.51
150.57
53.91
88.59
56.84
45.58
55.90
53.03
40.77
33.40
40.58
88.46
55.88
56.82
57.22
58.59
56.26
42.93
45.20
38.46
44.05
174.42
76.30
158.04
95.07
159.04
86.84
169.44
80.20
180.87
70.41
170.09
81.00
156.39
67.65
174.22
63.59
