90.33
111.51
102.77
63.16
65.44
68.63
134.9
127.81
195.12
56.85
65.82
56.78
69.67
58.63
54.39
27.83
87.97
35.98
68.4
65.53
67.82
34.73
114.87
142.02
150.93
56.23
53.41
57.49
53.03
59.78
32.45
62.13
32.21
61.19
64.06
59.23
73.78
68.29
140.7
60.15
58.28
77.93
49.36
61.07
56.88
62.11
50.12
59.48
54.08
58.72
64.87
68.29
63.43
68.32
61.03
68.99
51.87
59.43
57.19
65.91
64.9
71.69
74.02
55.16
54.11
71.73
63.99
65.42
62.66
86.74
56.38
51.48
64.3
74.17
61.02
90.16
76.85
57.07
68.17
103.08
46.28
59.31
45.92
64.44
116.97
64.09
60.39
56.61
28.97
19.83
55.48
64.41
62.48
62.6
50.09
130.5
23.65
66.74
60.51
49.7
31.8
40.31
63.94
40.46
64.97
58.64
61.49
56.11
52.57
58.34
96.91
84.71
25.4
29.08
26.77
98.99
77.67
25.28
32.73
24.78
69.65
72.11
29.87
54.93
31.64
24.5
30.06
29.43
89.97
92.45
104.54
47.08
58.61
56.94
55.17
58.89
54.31
64.49
58.98
64.88
54.64
63.25
59.74
71.39
69.36
52.58
57.71
67
61.45
78.48
99.6
59.2
60.33
68.47
66.61
71.23
62.21
48.62
58.9
64.12
61.33
86.62
58.75
44.69
62.92
76.93
74.18
54.02
30.11
38.13
51.82
68.59
62.76
58.52
59.83
55.74
59.23
32.37
18.79
23.65
20.58
43.77
33.84
54.39
65.52
73.41
72.47
27.53
65.76
44.36
65.58
57.14
64.1
57.1
51.34
58.45
40.37
65.47
61.68
60.12
91.17
48.23
27.57
23.93
43.07
55.49
26.29
23.8
26.91
28.04
44.92
37.88
66.61
22.05
26.57
30.1
25.73
61.44
53.73
42.16
81.45
92.09
149.16
57.09
64.28
70.08
62.22
42.83
73.67
88.09
47.36
67.91
66.13
60.34
55.75
59.64
49.6
52.84
75.96
57.11
67.25
60.03
51.59
97.81
67.71
46.32
60.57
67.27
70.69
63.22
50.56
60.94
53.16
69.53
69.91
48.6
37.96
66.03
59.47
42.78
82.62
42.73
67.89
48.01
59.74
54.87
39.55
60.77
59.84
52.53
81.51
57.77
71.81
50.67
47.95
50.11
53.05
40.78
30.42
9.37
64.87
76.83
37.04
120.43
43.05
49.31
55.76
53.71
42.4
36.53
52.45
58.9
55.18
27.68
59.28
115.96
40.13
32.72
49.18
62.53
52.67
49.04
20.56
29.69
28.05
38.87
18.01
19.17
23.7
52.73
20.69
30.06
22.49
47.45
28.82
49.96
46.08
50.97
54.06
59.72
57
84.29
58.49
65.11
52.07
41.41
58.5
47
47.85
51.59
54.02
46.82
35.96
36.59
51.23
68.02
48.38
51.4
52.23
53.12
79.23
68.71
78
73.86
71.3
52.22
63.28
54.63
59.23
58.7
68.73
56.08
64.47
61.62
63.74
72.61
60.91
67.92
65.35
70.13
53.54
42.31
65.91
63.43
52.21
59.13
45.92
104.1
111.21
58.38
62.32
48.48
41.24
58.06
43.92
62.27
47.81
25.81
57.72
71.26
56.06
53.55
50.97
75.07
58.68
44.39
61.01
49.9
67.67
66.62
45.18
40.28
50.22
12.72
64.19
65.14
49.19
32.57
40.31
53.56
32.19
28.42
59.41
48.38
40.07
59.11
53.37
45.97
24.09
52.64
45.97
34.98
15.73
26.55
17.56
23.58
14.16
17.88
63.95
30.16
49.87
28.92
53.1
31.87
19.5
31.34
32.93
53.71
63.47
77.67
51.06
91.81
53.38
55.4
62.18
47.04
62.71
42.38
61.69
65.97
58.09
60.86
44
49.22
52.05
54.86
66.66
58.68
77.3
57.72
76.2
60.44
63.71
52.32
56.81
57.33
68.68
54.17
66.59
65.99
62.46
48.63
63.49
106.39
59.33
74.37
76.69
92.28
87.09
59.28
44
54.54
56.03
57.27
27.92
54.23
52.5
55.95
64.57
55.58
65.37
59.26
1066.6
48.66
45.51
57.72
60.15
54.68
60.44
64.86
59.23
48.91
45.47
51.28
83.42
64.44
49.88
60.6
28.41
54.45
59.54
48.47
59.02
17.72
57.01
43.96
38.9
52.27
44.1
56.58
59.94
26.46
50.81
60.97
35.52
65.02
25.91
53.72
38.38
36.46
73.68
62.05
20.78
43.64
32.24
18.82
30.13
59.12
9.72
27.69
28.72
56.25
33.85
54.05
63.48
24.87
50.43
57.76
72.65
50.18
59.43
52.58
177.61
57.61
49.5
56.96
32.83
51.02
69.4
53.47
52.24
43.26
126.95
58.64
60.3
54.39
64.06
48.1
50.92
55.79
58.7
65.46
61.55
54.47
65.57
63.67
71.79
64.22
64.36
53.42
64.05
62.28
60.01
59
59.38
56.65
64.06
35.43
43.04
54.5
45.96
47.94
52.54
100.04
42.55
37.04
22.45
54.48
72.64
48.62
61.26
62.57
57.01
51.32
64.08
48.71
63.98
59.49
61.02
60.08
53.26
47.58
53.83
54.64
9.15
43.29
46.52
23.6
30.59
43.33
55.91
59.18
27.64
55.13
77.95
52.79
53.76
68.05
40.77
56.37
63.19
61.91
51.54
51.43
26.73
38.75
41.14
22.69
30.03
17.59
51.16
22.24
25.17
29.17
49.79
14.97
54.77
22.55
54.94
28.51
50.85
59.95
51.1
74.6
51.86
90.3
31.83
51.57
29.62
49.86
57.82
59.57
42.24
57.75
50.8
54.92
62.11
39.5
59.89
43.73
45.32
72.88
80.06
63.7
54.5
58.96
38.98
74.5
50.64
54.37
58.83
56.52
63.38
57.29
100.33
49.77
47.75
64.48
40.31
59.56
53.05
82.15
35.77
58.1
54.67
59.72
59.79
47.11
42.98
41.4
57.78
46.16
53.96
57.96
49.63
55.92
56.44
36.51
52.34
49.98
70.31
47.98
59.81
64.41
14.13
15.4
52.4
79.25
48.74
52.52
69.75
53.96
47.48
46.83
55.02
42.8
41.37
36.16
46.14
36.67
42.68
28.69
41.54
57.99
46.14
26.08
43.57
57.12
60.47
41.42
175.62
15.87
37.36
49.02
56.99
21.75
49.74
59.42
25.24
9.77
21.51
20.04
25.84
34.62
51.64
50.92
49.33
57.88
55.74
42.75
42.66
58.59
54.54
74.32
47.53
59.91
55.67
35.13
40.67
35.56
52.51
50.65
53.68
62.14
44.71
33.8
56.9
54.19
58.69
57.17
91.67
57.57
62.59
52.64
129.35
139.67
68.9
51.3
49.58
58.78
53.66
61.57
54.28
49.85
68.25
50.07
56.4
64.54
46.08
49.97
63.36
62.6
51.53
51.42
64.8
33.81
49.46
50.41
49.09
59.64
65.06
30.62
57.13
42.2
67.32
61.47
57.08
66.39
42.36
61.38
61.61
50.7
60.55
61.67
62.33
44.5
59.85
22.19
61.33
41.02
47
22.15
66.18
54.91
29.87
146.84
41.88
35
30.62
46.44
68.2
74.44
50.92
49.96
38.63
57.63
61.47
62.83
82.58
49.73
17.32
52.42
57.16
27.24
19.93
53.62
50.52
24.43
29.83
18.97
28.99
52.55
64.43
29.64
24.25
45.34
30.38
32.95
26.79
48.25
51.96
60.33
62.68
103.74
51.44
36.9
30.64
40.36
49.1
46.56
73.83
51.09
56.38
49.42
35.29
47.33
52.68
48.26
63.24
53.09
49.26
59.07
61.62
80.77
53.02
70.7
59.85
51.92
49.7
51.64
67.38
69.75
59.49
57.3
43.75
54.69
59.68
65.83
68.29
56.06
48.36
67.41
67.97
56.65
51.77
43.03
47.84
59.8
53.66
40.43
47.69
48.65
49.18
41.26
60.05
52.93
31.5
35.69
46.35
58.78
48.47
63.56
53.8
44.94
35.7
22.53
50.64
69.36
58.09
46.38
53.71
32.66
50.88
39.32
29.47
13.82
22.79
72.21
73.54
39.7
55.69
57.62
35.94
41.8
32.95
44.35
43.2
53.48
23.02
15.45
45.25
38.51
30.01
22.12
23.09
36.02
23.62
28.58
31.12
25.92
39.83
24.55
29.68
29.88
62.96
61.58
22.52
50.96
51.11
41.89
38.48
42.28
64.59
47.02
58.1
56.51
55.27
46.19
56.24
48.61
52.37
63.68
53.02
140.72
76.86
55.42
52.19
43.1
48.98
60.35
63.29
65.1
61.55
74.12
48.92
56.68
51.28
52.47
54.58
90.28
35.41
48.3
70.8
39.65
41.81
88.59
98.7
83.46
56.31
96.42
38.81
48.83
52.35
47.97
46.46
51.02
65.48
16.91
27.62
50.21
59.07
51.84
64.94
45.34
42.36
27.42
49.23
82.62
43.28
54.67
56.08
148.65
41.25
54.33
67.56
56.54
57.58
35.06
46.73
20.66
54.09
54.51
50.41
87.23
60.88
147.06
57.32
48.06
43.32
48.53
31.09
24.28
52.71
41.36
60.5
20.57
23.4
55.76
49.25
45.64
14.69
34.18
20.38
29.88
31.65
20.56
21.78
54.36
48.34
31.18
19.57
62.33
46.7
43.58
48.47
51.12
66.84
56.09
52.88
48.92
50.8
44.79
58.83
39.69
61.86
51.5
57.07
53.9
52.11
39.95
51.35
54.21
51.1
55.94
52.57
56.61
49.03
61.04
63.52
65.47
59.25
50.27
58.26
57.96
64.02
44.83
48.07
37.05
40.17
51.65
39.59
45.16
54.74
56.06
60.27
55.22
53.92
56.89
65.85
53.43
43.42
53.99
51.68
77.35
44.34
30.52
41.85
52.14
38.26
58.8
39.09
40.37
43.27
64.75
45.89
57.85
43.33
37.38
44.44
78.45
51.52
71.5
50.68
62.46
38.96
53.48
44.93
52.55
65.04
36.24
45.93
48.78
49.48
46.33
39.16
26.21
37.11
58.08
52.94
44.68
18.72
49.63
56.03
40.65
45.17
52.08
29.46
29.76
21.05
44.63
18.88
49.21
20.72
43.61
24.43
27.17
25.98
19.67
23.55
50.04
24.33
22.34
55.68
49.98
44.95
51
57.31
90.86
135.81
62.27
133.71
51.32
40.12
57.23
58.02
51.13
36.62
57.02
53.49
60.53
43.73
44.27
44.63
56.61
56.04
50.04
56.66
53.61
146.07
49.48
54.09
56.97
56.81
43.18
54.59
58.22
61.65
58.58
82.17
43.46
38.89
44.87
33.45
55.19
57.08
43.96
37.83
43.88
57.68
61.42
46.01
57.1
58.04
47.31
38.06
56.47
36.75
51.96
54.01
39.09
57.76
61.03
58.31
69.4
45.11
46.93
44.9
108.38
44.39
31.39
44.18
21.46
61.22
54.28
36.41
40.73
43.58
28.71
38.06
58.47
48.05
48.99
23.21
53.85
30.84
46.84
53.26
101.05
78.41
37.83
42.29
41.47
35.5
39.69
49.01
48.42
61.01
55.76
46.01
42.88
49.6
59.02
49.55
62.67
50.02
50.24
51.22
47.21
51.08
86.27
50.6
52.6
42.91
49.87
44.04
52.36
54.91
60.77
32.52
49.17
64.66
90.3
42.36
41.49
61.56
49.15
49.58
41.23
58.72
56.37
48.08
45.37
37.87
36.65
42.31
37.48
33.54
57.75
40.02
68.66
73.12
36.63
58.46
28.59
73.07
47.37
39.12
76.52
65.14
41.18
43.73
81.57
50.29
55.22
33.85
49.25
16.66
45.68
21.4
41.58
52.65
41.88
41.4
42.23
35.56
56.22
42.91
45.88
46.07
43.97
41.77
41.27
29.36
31.87
43.39
66.34
47.22
29.01
49.88
34.85
49.33
23.12
40.84
45.54
19.34
13.64
12.39
18.02
15.96
49.89
16.86
20.64
22.29
52.41
17.95
51.45
56.41
51.1
85.64
41.83
71.58
54.56
36.84
50.14
30.57
38.65
62.66
35.96
38.92
45.55
47.59
60.43
41.37
67.6
69.02
56.13
51.95
46.43
50.43
42.45
58.4
35.76
65.92
65.51
61.52
59.11
63.91
43.95
52.38
53.67
49.3
121.38
49.13
49.82
57.65
44.43
84.02
46.6
48.57
105.8
62.17
51.69
50.21
52.37
44.67
57.92
82.01
41.06
42.59
108.27
57.57
45.23
46.58
17.23
49.25
59.52
43.14
35.74
48.21
54.83
37.92
41.65
56.81
51.72
56.61
93.79
86.69
72.87
71.86
56.4
44.36
58.35
43.57
36.83
35.15
18.84
16.3
34.36
50.65
51.73
37.27
53.63
43.83
28.76
50.69
42.22
52.51
64.86
44.3
51.96
19.37
50.87
50.16
30.52
26.54
16.01
41.5
15.71
18.6
15.86
20.16
55.79
56.47
47.57
24.57
29.11
40.62
44.4
50.25
50.24
57.31
48.25
59.8
91.02
50.91
37.43
42.06
67.6
38.85
64.03
48.91
48.28
46.72
44.57
58.17
66.3
62.72
49.27
53.48
59.92
53.74
41.25
61.57
72.24
48.51
44.02
50.18
58.13
58.48
51.63
46.08
43.28
35.6
53.44
70.81
48.38
56.19
48.6
53.03
59.62
40.13
44.33
59.37
36.41
40.73
75.05
41.8
55.96
40.04
36.82
44.85
65
43.27
61.9
69.46
51.04
51.9
55.88
36.36
51.66
48.45
37.84
45.68
46.02
31.32
27.64
21.18
37.76
22.22
59.45
42.09
35.2
45.09
26.99
41.89
31.59
51.59
42.07
48.4
38.83
23.53
53.19
28.54
50.9
56.64
48.04
36.38
36.92
15.16
24.93
39.59
25.91
22.77
15.44
15.01
26.27
10.83
10.59
26.66
69.91
52.65
29.11
42.86
46.11
53.26
53.18
40.44
35.28
48.94
68.05
84.77
83.69
67.29
66.76
40.82
45.17
60.45
64.13
77.39
37.26
42.85
55.35
63.02
40.77
46.63
43.32
77.72
55.25
54.09
52.55
46.62
55.18
53.25
39.46
41.86
43.93
35.76
49.56
47.16
38.75
40.42
50.08
52.56
38.93
40.67
31.81
45.52
52.07
31.58
48.84
42.69
44.47
52.16
15.05
42.73
50.04
40.62
43.96
56.09
50.29
60.78
36.21
57.48
65.48
51.99
47.73
50.9
41.41
40.23
47.56
35.5
87
91.46
10.54
28.56
48.61
45.32
52.95
44.14
43.82
26.38
50.75
46.27
46.83
35.86
43.92
11.86
70.42
44.66
43.38
39.37
43.38
57.82
30.82
29.01
19.51
26.34
52.6
28.76
19.04
28.05
30.03
15.96
21.28
43.57
25.87
19.35
25.5
22
67.12
73.91
70.47
55.46
64.74
47.37
52.12
36.19
55.89
46.69
39.99
47.76
60.41
47.69
46.89
56.17
56.94
93.36
60.19
116.06
47.87
55.87
38.09
55.4
56.99
57.53
57.63
63.05
51
63.98
50.79
53.42
55.68
66.55
44.92
54.15
67.34
119.33
49.21
56.28
38.23
116.75
107.32
42.07
74.81
47.48
55.25
45.95
90.21
47.03
48.47
36.97
59.28
101.32
98.8
39.07
54.66
145.94
60.74
47.21
43.38
46.93
60.23
42.11
56.54
56.74
41.87
47.49
37.8
54.49
45.39
46
49.38
46.19
35.17
46.07
23.75
33.77
37.49
36.21
37.25
68.96
52.74
24.03
44.83
53.72
77.27
40.25
32.05
25.36
54.43
50.8
60.62
55.97
59.07
49.84
52.06
42.87
28.43
18.3
20.18
23.1
23.77
17.9
35.27
24.71
40.5
27.27
29.22
23.73
25.7
46.09
110.78
51.03
70.67
34.51
62.88
67.72
46.04
48.06
56.67
64.53
59.36
79.05
37.98
54.81
55.27
46.98
53.06
52.96
62.59
50.72
53.43
44.9
54.35
54.13
41.79
57.52
51.6
54.66
47.41
59.78
38.05
83.78
43.49
42.72
53.19
55.29
63.57
33.9
46.57
51.17
56.9
73.46
56.1
43.32
78.29
70.41
44.83
83.6
48.94
54.17
59.96
46.32
38.13
47
44.16
52.27
46.24
60.94
51.3
103.64
75.52
49.02
48.22
45.17
47.04
46.36
26.89
126.38
36.56
40.99
42.95
32.96
15.45
46.95
49.58
38.22
22.6
43.74
54.2
57.12
48.18
40.23
31.09
46.47
32.03
40.17
48.46
47.76
33.13
49.14
41.77
24.6
25.43
61.27
52.38
41.72
53.35
35.99
43.12
14.01
18.91
35.86
19.17
26.27
15.72
22.54
16.64
17.5
24.96
34.01
29.43
24.76
67.82
52.35
42.12
51.58
29.23
42.61
35.81
43.88
46.15
41.78
34.62
47.03
45.62
51.13
50.97
58.63
56.39
40.3
62.53
62.94
49.47
61.42
49.57
57.68
52.07
41.43
42.41
46.91
60.22
56.13
40
40.05
55.57
58.37
43.65
38.66
62.14
58.89
95.14
49.12
48.07
51.06
57.02
32.53
36.56
53.81
44.29
42.96
43.15
41.73
52.7
54.8
53.1
69.29
40.05
58.92
48.26
49.1
47.17
60.22
43.14
53.1
48.9
50
45.47
48.24
37.01
68.95
55.31
101.69
35.31
45.59
38.82
24.47
35.97
63.24
41.99
64.43
30.65
45.61
45.09
39.11
36.68
46.24
32.69
43.53
15.23
46.05
39.05
43.95
38.41
16.37
47.41
38.74
51.46
51.11
46.47
17.91
17.48
68.41
21.77
26.28
56.69
39.75
14.39
19.57
39.22
21.31
42.12
19.12
20.71
24.18
58.18
52.16
25
46.62
36.56
53.51
43.93
49.09
41.11
49
51.27
53.94
40.45
51.32
53.56
55.53
63.63
46.13
44.67
64.98
126.11
52.01
60.56
47.21
63.78
105.52
50.98
49.33
53.44
56.06
55.44
58.67
53.56
54.75
45.83
38.09
92.15
50.38
32.24
53.71
49.86
56.1
37.87
57.68
38.59
23.91
39.66
49.52
32.04
39.24
62.07
46.56
46.12
32.51
37.49
63.4
56.14
58.87
55.68
57.24
55.88
39.2
59.03
60.18
50.29
44.11
54.65
56.9
59.07
52.17
44.02
57.54
56.78
47.4
38.53
40.2
25.14
36.74
43.12
22.33
35.58
36.08
44.5
78.34
79.58
37.74
23.46
18.98
40.57
29.15
15.93
16.5
36.49
41.01
24.88
30.22
41.58
43.31
22.13
45.68
52.26
51.93
31.06
23.72
43.96
43.29
47.5
68.77
38.83
44.65
42.91
30.82
45.99
52.86
36.41
44.37
56.43
62.96
58.02
49.24
37.69
51.37
46.1
44.37
83.91
85.46
45.28
40.99
45.2
44.7
49.94
56.62
57.84
46.25
47.46
46.01
55.33
50.24
44.01
38.1
53.12
37.67
57.41
55.1
48.47
43.48
48.08
26.53
34.99
32.16
38.7
41.69
41.94
52.42
35.91
57.77
54.81
35.78
42.54
50.07
19.77
29.54
56.35
55.12
77.4
39.62
70.61
74.82
39.24
46.62
50.46
51.2
42.44
36.21
35.84
46.21
45.78
47.91
44.61
38.48
31.29
88.8
69.94
38.81
32.82
50.12
77.22
18.33
31.94
53.45
54.77
36.19
54.31
49.23
37.17
47.68
17.32
28.06
21.3
42.18
35.81
21.47
42.45
44.18
15.97
10.04
22.32
22.98
24.08
41.22
56.31
55.6
53.98
52.61
51.26
47.87
81.98
42.96
40.73
44.58
40.12
40.46
40.14
49.97
48.76
85.2
51.23
52.84
45.92
50.42
53
48.16
55.69
52.37
92.43
55.6
41.62
56.77
44.92
54.75
50.65
57.35
45.48
54.58
36.62
56.9
58.52
48.26
47.87
49.06
44.77
47.17
39.81
46.11
35.17
54.16
47.76
61.7
59.36
56.29
52.31
44.65
35.85
50.56
36.95
49.12
52.34
49.64
55.4
32.77
41.27
42
57.19
56.19
60.41
56.7
51.67
42.36
53.41
49.08
45.6
35.93
28.18
33.26
15.73
44.72
47.29
37.03
68.74
38.89
47.49
36.69
38.74
48.29
45.53
63.32
36.58
47.48
31.57
41.71
18.96
47.17
38.53
40.13
51
42.16
26.13
19.55
20.03
29.73
40.8
25.13
23.16
15.02
20.61
15.95
22.32
42.59
23.18
46.14
24.4
52.4
50.13
49.06
41.83
48.48
43.3
49.06
42.84
44.46
44.48
50.53
34.96
31.08
50.93
41.31
31.2
58
71.92
51.51
50.15
46.89
69.66
45.56
65.15
35.01
83.82
35.66
53.63
39.04
47.12
28.9
41.45
49.95
38.04
27.89
34.07
40.02
42.93
49.4
53.7
38.31
29.94
35.96
56.93
35.77
39.8
41.62
43.09
32.8
15.43
33.2
28.43
41.39
24.9
50.23
13.12
34.83
39.64
48.61
53.79
45.77
43.66
54.63
44.83
47.62
35.94
42.52
26.83
76.3
53.12
38.35
52.69
41.77
52.68
40.45
41.72
36.72
10.45
14.93
41.17
46.92
50.02
54.1
63.47
63.87
36.3
17.82
14.66
41.16
61.52
21.86
21.48
11.43
17.57
47.79
31.87
14.04
27.79
16.1
14.73