162.16
151.01
130.73
36.32
33.93
31.54
49.15
26.17
47.73
97.62
78.69
86.82
71.57
92.19
107.1
168.12
92.78
67.71
65.69
59.01
208.13
56.5
59.48
120.99
73.84
119.65
78.59
93.95
31.33
36.84
47.63
48.2
174.24
168.44
71.74
35.78
72.22
62.6
95.27
70.39
69.55
123.35
48.18
38.91
64.34
188.7
214.24
83.95
45.24
28.18
29.11
37.42
66.34
68.49
82.15
39.67
66.68
178.43
21.47
12.74
18.89
28.77
53.16
37.56
56.53
48.98
97.1
90.08
44.37
64.89
58.85
42.34
112.39
16.15
39.78
58.11
33.3
61.49
13.63
122.69
132.06
43.59
94.03
83.14
62.5
71.8
103.19
61.91
60.27
125.73
195.5
69.89
33.75
90.09
62.25
73.37
78.5
31.69
83.39
1176.11
32.33
85.79
94.45
119.94
81.11
51.85
66.81
71.71
56.5
88.34
48.54
87.97
74.13
100.13
131.03
105.36
112.93
153.2
125.45
123.59
120.85
99.86
39.17
40.17
22.44
55.25
16.63
66.75
87.38
39.08
32.9
50.47
28.39
29.56
90.64
68.85
45.83
127.81
120.71
29.16
25.91
33.15
49.55
34.89
83.52
40.83
21.28
39.82
45.29
25.4
74.62
22.18
29.08
31.57
31.69
34.74
39.13
15.68
24.24
41.54
94.7
126.61
42.4
96.1
65.57
53.45
80.59
91.34
155.85
178.82
119.43
71.08
96.08
112.43
140.82
66.22
81.74
81
89.36
118.79
64.78
139.93
26.87
21.44
25.9
15.27
33.1
33.38
25.97
28.1
84.57
108.48
94.01
93.9
47.37
47.14
44.4
90.17
42.9
48.11
47.19
40.03
79.53
67.7
40.43
49.91
50.77
48.25
71.61
47.92
41.1
83.88
47.82
51.07
35.26
56.35
48.45
31.76
59.62
88.72
52.59
124.99
150.1
115.19
52.26
74.44
64.75
74.31
70.34
117.34
47.6
139.68
65.33
187.41
197.95
37.53
39.84
49.59
54.54
72.64
40.96
64.04
59.5
29.47
84.3
110.24
92.4
101.28
111.81
105.29
111.07
174.85
155.09
17.38
49.65
57.22
77.14
277.32
308.33
30.67
74.52
78.59
69.37
108.67
48.85
114.74
13.11
124.14
25.05
68.91
53.93
244.51
31.02
107.44
44.44
20.01
52.23
107.71
51.34
98.99
98.24
55.07
64.95
77.72
94.35
69.93
71.52
129.74
32.93
15.78
90.19
76.54
112.14
90.6
158.83
97.15
114.68
123.26
37.43
29.47
28.19
49.13
56.2
48.48
38.82
121.15
109.05
36.42
185.51
35.02
47.87
32.7
43.52
44.86
104.85
76.1
67.68
67.33
133.29
38.56
81.23
115.95
138.32
128.79
121.3
143.18
141.57
104.31
113.3
69.75
88.16
87.53
124.67
125.33
143.15
110.58
97.58
50.65
28.08
42.26
81.41
82.75
80.43
43.02
43.53
73.55
86.51
37.25
45.55
54.08
59.22
33.87
42.47
75.2
67.81
80.36
66.63
88.19
67.58
115.92
128.77
39.55
63.85
79.37
80.08
69.21
100.25
49.42
85.19
122.84
70.67
70.65
88.62
95.25
110.15
107.59
141.25
41.47
118.01
59.12
113.54
37.34
41.19
42.78
48.9
53.55
21.08
27.55
53.64
104.48
105.18
78.09
68.08
1058.49
83.69
124.09
52.74
134.82
99.73
93.71
34.28
125.92
134.82
151.64
153.66
51.71
32.59
156.73
29.6
29.54
34.51
36.03
80.42
46.65
89.07
344.47
53.95
58.9
1057.89
69.62
65.59
20.84
48.48
243.3
49.36
84.05
93.64
81.18
83.03
166.19
113.95
80.27
128.48
146.08
15.26
55.13
117.71
129.77
133.03
76.62
121.97
56.54
160.9
154.42
45.85
39.91
42.88
27.85
84.43
75.81
55.66
57.81
54.09
78.79
39.95
121.63
49.92
52.25
45.52
96.13
19.16
47.07
54.34
101.02
41.97
114.89
49.88
54.42
48.06
79.98
121.11
79.03
89.09
71.31
108.75
72.33
160.9
140.24
112.31
199.19
64.52
60.56
99.31
66.21
130.14
113.45
71.69
31.14
110.84
44.49
98.93
83.96
41.98
47.41
42.95
48.39
31.66
36.37
41.11
44.53
63.48
38.04
42.98
40.77
54.57
45.47
53.83
38.42
54.27
54.75
68.46
59.1
80.45
45.21
32.42
43.06
41.46
42.04
44.74
65.69
59.12
71.55
63.87
72.47
76.85
132.95
154.77
147.81
134.05
189.91
29.81
143.93
150.2
34.74
94.46
115.26
198.33
204.02
126.52
176.64
147.16
51.6
44.33
17.37
86.35
91.08
26.14
47.68
20.03
72.97
30.34
105.97
127.46
131.79
68.44
42.36
297.8
45.78
39.3
68.34
35.48
76.09
80.5
52.81
42.27
84.92
153.78
23.99
33.15
39.03
31.58
45.63
70.31
51.79
260.74
70.59
77.08
39.4
35.33
204.02
18.95
58.69
26.39
81.71
54.62
36.98
84.7
62.02
85.8
76.46
117.68
128.39
95.32
38.01
25.36
44.19
15.1
50.86
66.25
49.88
64.32
68.54
111.16
87.99
93.42
53.47
22.16
63.23
72.83
21.09
76.5
61.73
103.51
96.27
56
28.81
54.92
127.61
96.3
76.58
95.1
78.27
81.54
74.81
99.29
160.23
118.32
126.68
148.77
164.83
149.07
164.29
27.81
42.41
33.19
37.57
56.99
38.32
17.27
36.74
34.38
47.42
64.01
39.61
43.26
69.67
40.4
60.98
45.18
63.96
50.74
59.19
71.3
149.75
97.89
140.43
1049.61
59.95
97.84
96.41
90.44
102.67
41.63
44.26
79.91
64.94
80.99
70.37
63.58
110.43
91.84
123.67
109.35
1086.43
73.64
57.09
39.7
94.54
98.06
93.73
32.93
43.07
47.31
35.53
34.41
14.42
47.11
44.45
1051.18
88.34
39.14
35.32
40.11
72.3
54.1
92.75
42.98
37.39
45.98
73.96
57.55
36.85
41.05
16.54
43.24
41.76
107.41
85.15
98.03
81.42
99.39
157.77
111.33
73.16
155.22
130.13
148.34
174.25
102.58
116.14
90.05
36.74
199.83
14.36
42.02
77.91
134.77
105.33
217.94
76.24
181.59
180.11
76.78
69.49
83.39
40.2
147.6
59.69
124.82
158.55
91.51
35.93
61.9
44.65
151.88
132.27
127.58
79.13
48.16
232.09
326.42
222.09
1028.41
93.58
119.94
18.48
41.48
59.09
158.46
164.11
226.36
23.01
38.14
28.06
87.52
30.94
55.05
46.6
61.13
98.42
99.11
70.75
30.17
37.9
97.42
32.08
16.87
42.9
66.62
53.54
48.4
14.95
38.67
96.48
84.62
64.2
110.31
21.34
69.47
73.43
56.83
113.19
130.42
174.47
90.81
15.86
85.97
30.06
48.07
47.68
51.31
90.17
37.84
62.39
87.81
119.8
138.71
55.5
173.64
37.66
41.73
48.59
89.26
113.34
53.7
155.66
70.51
191.21
275.16
23.47
46.82
15.99
33.01
117.71
34.08
17.38
52.58
52.95
93.81
118.28
52.92
104.14
137.96
119.47
77.65
72.09
100.64
118.23
63.45
12.5
56.88
32.24
136.11
113.47
107.29
69.75
59.13
118.6
86.26
130.69
73.09
58.13
115.9
116.6
39.87
1083.32
26.47
52.9
48.18
86.4
43.72
51.15
26.42
31.11
37.07
20.72
83.26
41.87
51.08
42.46
85.86
31.12
37.28
61.78
41.21
46.1
54.21
82.79
56.57
30.74
16.96
30.68
27.87
81.05
60.13
32.09
38.88
82.36
88.92
133.27
61.46
118.54
122.77
56.11
165.22
141.27
138.22
157.16
115.31
99.06
160.25
96.08
203.35
149.18
100.93
39.85
340.95
61.73
89.04
75.89
53.01
106.5
83.95
86.91
111.68
36.73
134.55
52.8
90.74
57.7
100.31
14.16
30.35
119.14
79.84
185.93
281.63
33.6
19.43
44.16
40.34
31.73
44.13
46.54
86.2
54.8
30.77
45.15
51.74
64.55
20.21
20.03
22.71
28.63
37.46
68.96
26.42
37.4
25.58
43.31
47.23
50.37
43.53
53.6
38.23
78.25
79.86
89.35
281.01
34.28
63.68
69.71
71.1
59.07
96.42
149.1
166.07
53.19
72.9
84.86
80.97
100.91
83.88
89.74
89.7
104.48
93.66
29.58
26.94
75.4
61.41
60.66
110.77
92.1
129.57
42.13
52.33
98.99
30.02
74.81
159.17
57.14
74.62
52.16
83.21
86.3
124.9
48.93
41.65
98.08
15.27
101.43
55.53
48.15
50.89
56.18
77.75
65.83
92.89
26.81
64.35
80.3
20.41
31.39
42.09
103.28
46.92
46.34
50.42
41.5
60.89
63.17
76.02
65.76
61.02
72.31
45.39
46.04
60.31
82.15
97.94
49.23
58.9
13.23
103.48
59.35
105.17
45.76
29.68
39.45
42.79
33.6
31.87
21.92
29.23
19.38
33.28
41.64
41.5
31.65
22.76
34.19
49.34
69.5
72.66
56.2
116.12
46.23
102.28
30.35
27.88
29.11
50.89
55.21
35.33
28.6
31.85
46.25
43.78
102.41
35.47
95.79
99.71
71.37
101.87
120.34
140.47
160.35
108.59
54.2
132.6
192.68
136.6
162.96
116.16
104.63
140.93
21.03
139.03
101.19
164.49
74.72
174.59
231.41
290.46
109.28
205.69
242.68
63.37
60.02
109.56
85.4
27.99
75.43
69.97
113.79
137.42
20.96
41.02
108.71
33.45
137.81
92.78
25.46
144.33
46.16
16.51
37.91
45.4
65.9
36.98
66.32
65.13
93.27
50.32
86.53
29.66
49.78
59.8
326.6
64.62
30.39
41.88
25.3
22.91
29.54
21.21
33.13
51.05
41.62
22.53
76.36
17.24
46.68
81.48
85.57
61.19
87.02
45.6
51.17
113.31
51.02
154.82
22.15
40.56
43.27
42.33
68.08
42.42
95.68
90.01
22.64
17.71
90.37
84.87
77.53
79.88
91.08
109.59
51.14
136.68
105.92
88
49.58
31.84
68.06
114.15
103.13
105.87
110.76
125.56
51.73
76.55
160.73
140.08
58.4
126.19
193.64
110.19
61.37
111.08
84.43
45.86
61.36
39.09
99.32
32.28
13.29
54.42
54.92
80.85
35.19
36.16
136.69
49.4
124.13
119
77.84
72.16
45.54
45.9
72.39
68.14
120.39
83.53
90
96.5
124.9
32.04
15.48
23.38
24.35
41.63
68.06
42.33
80.09
63.32
25.98
34.28
47.59
32.81
19.65
29.33
22.11
28.23
23.33
51.03
53.55
23.47
78.47
44.92
46.94
40.84
94.27
42.81
35.44
40.03
44.64
126.3
143.06
122.5
26.47
110.77
35.33
131.06
129.28
82.43
39.64
99.03
134.71
152.75
99.92
126.06
87.7
61.05
20.01
129.4
28.28
58.56
41.54
70.89
74.84
51.5
50.06
44.16
92.58
75.9
60.36
73.25
69.57
57.17
27.9
114.03
115.49
109.47
203.58
86.4
131.1
93.05
81.14
50.46
25.85
24.25
149.15
171.5
78.54
157.26
32.68
147.22
127.99
181.04
41.89
49.59
177.62
154.07
97.76
293.14
252.19
24.05
37.15
40.12
48.66
83.71
70.32
89.77
33.61
99.39
124.39
45.1
58.02
32.99
23.56
16.28
23.1
18.33
28.35
38.32
29.84
94.31
50.56
74.01
50.49
39.41
55.84
83.97
20.74
47.33
72.09
56.69
66.68
63.02
33.7
42.98
49.71
118.53
111.7
170.15
20.86
54.69
65.79
27.18
45.01
86.13
103.97
74.83
34.82
144
55.54
139.9
148.03
176.45
77.67
114.61
38.06
41.52
35.66
74.18
80.16
44.52
58.72
49.71
62.21
39.49
101.6
40.35
31.14
52.59
63.37
13.85
72.92
67.05
67.21
121.48
62.68
22.88
51.46
70.75
36.45
101.16
54.27
52.47
34.93
75.62
140.77
48.85
57.26
52.07
37.23
121.44
137.2
85.48
292.98
54.87
59.42
63.89
55.71
34.8
68.76
84.05
82.93
77.37
97.68
68.22
49.03
24.96
50.08
54.84
39.76
71.73
37.94
88.97
35.57
41.86
35.58
27.92
30.82
39.77
27.43
38.78
33.77
35.83
28.41
59.43
32.67
67.62
59.24
31.09
56.72
85.74
34.45
109.64
93.96
23.45
100.81
56.69
140.76
97.14
137.62
47.97
64.68
119.33
147.09
24.73
125.03
102.29
62.02
44.49
20.75
51.22
36.95
44.95
78.43
49.36
55.55
44.69
116.33
29.54
38.3
43.05
57.44
67.43
84.11
92.15
85.74
116.15
41.62
84.87
21.97
189.14
66.41
94.39
110.36
128.14
62.52
103.49
151.82
141.6
77.77
153.23
74.06
93.51
139.63
27.11
93.86
34.19
31.81
68.75
132.53
161.46
35.08
192.73
289.64
22
14.35
22.97
61.4
44.59
42.08
29.54
43.39
20.81
33.32
42.11
52.33
28.05
53.67
44.79
41.03
32.34
14.5
27.67
28.49
60.95
50.49
15.11
79.16
81.35
77.36
59.93
91.47
109.09
103.89
21.42
76.08
35.03
37.84
39.23
118.23
25.07
32.96
131.39
99.63
74.72
82.98
33.9
108.95
30.64
201.13
150.99
20.07
137.87
243.27
227.78
14.26
21.35
32.71
63.23
38.16
30.26
14.1
85.39
95.68
77.49
28.93
22.6
34
45.26
31.99
32.22
26.56
43.89
29.07
47.17
88.71
12.51
33.56
49.42
33.2
129.23
49.47
21.45
97.78
99.76
59.11
126.32
132.4
148.2
99.32
81.72
86.97
225.07
202.41
251.9
49.99
62.47
57.55
76.44
75.49
89.27
77.89
86.74
57.24
78.62
36.4
28.66
69.58
74.7
21.22
48.92
70.26
65.87
35.67
71.03
20.76
63.67
41.05
40.06
42.87
40.53
27.61
28.56
47.67
28.71
43.58
30.74
51.5
54.78
34.02
65.93
58.3
42.77
34.29
48.25
55.03
31.88
52.24
47.37
42.6
71.69
89.21
100.85
118.1
117.67
136.53
153.36
68.55
53.79
60.66
111.66
109.38
124.07
141.62
48.49
118.28
75.39
60.5
66
32.94
42.61
25.53
25.86
33.76
67.03
105.02
132.93
44.04
120.54
113.85
24.98
82.18
70.27
104.68
135.79
72.48
111.61
61.61
95.02
113.41
77.67
37.81
269.21
298.16
47.26
46.29
89.22
105.58
103.47
132.2
51.25
77.32
164.88
65.69
38.48
62.77
68.37
121.22
86.7
59.24
53.73
28.79
21.61
22.1
61.94
33.56
16.19
33.78
15.96
74.3
33.71
32.47
35.72
24.42
19.62
31.45
15.88
19.6
58.42
35.63
41.27
72.95
52.47
80.35
59.47
62.65
18.02
37.17
12.52
63.48
61.91
36.18
102.61
107.02
100.64
35.79
78.88
41.54
103.56
88.49
126.86
16.87
37.77
68.31
138.08
54.86
75.02
151.27
132.28
86.63
109.46
76.36
64.34
183.96
119.56
25.18
16.85
20.08
22.57
27.47
15.84
87.57
27.09
31.21
170.73
76.94
24.76
59.73
86.87
90.24
65.36
50.81
123.43
47.77
126.38
131.49
110.66
112.43
188.49
34.95
42.11
34.06
79.71
50.29
80.67
60.23
115.19
96.7
83.51
120.77
84.93
57.99
88.39
46.03
75.47
36.15
79.25
140.08
75.21
104.48
15.84
18.96
26.58
23.41
15.21
27.45
40.76
93.85
26.62
24.16
114.38
37.35
28.89
47.15
37.99
38.62
28.54
33.28
45.85
46.96
28.51
56.91
38.59
52.76
77.61
103.16
20.85
97.18
84.88
134.45
115.29
105.97
132.89
62.5
112.02
63.29
27.68
171.29
66.65
115.91
86.6
159.21
134.44
78.77
52.48
27.03
18.03
44.9
49.62
79.79
55.2
139.23
50.98
42.39
86.9
96.13
112.64
70.8
138.47
82.81
41.05
125.62
87.28
105.89
30.6
134.5
95.3
120.97
124.33
32.94
40.86
265.14
243.7
21.91
18.13
29.66
33.18
55.83
21.19
86.37
132.92
112.26
94.65
104.36
36.93
35.96
100.62
14.6
53.85
34.85
15.88
40.11
13.69
18.66
55.55
28.39
202.27
22.3
38.84
48.87
23.39
95.59
39.03
49.12
22.37
39.36
37.83
45.24
40.3
69.97
63.7
74.32
33.35
105.18
88.25
124.08
21.94
25.76
34.5
26.24
87.19
121.95
105.35
86.29
23.64
34.35
60.27
159.17
101.6
199.59
218.15
114.35
47.02
157.2
22.77
16.56
16.14
35.71
15.71
37.1
39.79
44.8
78.1
28.38
33.28
59.06
35.73
121.73
87.66
67.2
31.29
82.11
120.73
72.93
39.73
20.15
20.1
21.77
44.68
109
102.23
77.93
46.24
40.66
30.4
57.56
70.34
44.36
70.46
52.26
86.1
99.23
85.34
122.88
36.76
41.18
40.39
67.93
83.01
101.42
108.4
97.68
19.3
59.51
39.19
65.2
107.78
63.3
48.68
56.79
61.26
47.96
43.17
46.57
30.69
33.58
38.42
39.89
21.93
27.5
51.44
53.64
45.62
32.43
54.5
50.58
42.56
30.1
62.91
52.65
35.44
35.05
80.79
48.58
102.11
55.41
77.37
87.52
104.25
147.83
99.2
120.54
137.55
78.34
137.38
84.6
165.64
145.07
50.17
81.85
90.8
215.35
65.82
93.88
53.61
90.96
70.43
58.39
19.19
134.68
84.07
94.45
78.07
25.33
174.86
70.74
47.01
42.42
162.25
35.56
18.13
16.42
15.56
19.16
69.45
40.64
53.58
14.68
38.66
40.57
76.13
37.29
87.66
16.63
78.3
31.34
22.05
47.48
74.73
61.92
67.26
36.54
56.11
110.8
138.96
94.98
98.97
40.69
42.37
41.83
66.31
43.82
76.39
55.77
61.95
63.6
60.2
61.73
84.99
146.13
113.29
32.1
64.09
44.83
79.21
138.45
74.6
56.17
77.13
43.16
29.4
49.13
52.4
138.72
114.23
62.97
127.44
133.94
97
118.47
109.62
56
29.17
15.64
46.34
82.38
120.43
101.68
66.8
65.19
40.81
41
69.59
95.45
18.17
18.53
31.38
36.3
125.83
50.34
124.32
93.51
43.83
19.43
133.05
32.34
44.6
28.9
36.18
68.31
60.84
24.71
33.66
50.76
34.54
50.88
47.67
44.77
25.69
33.27
35.96
26.96
62.11
61.12
56.1
45.75
67.28
69.59
49.87
30.91
66.53
60.3
30.34
57.25
98.33
109.26
19.06
25.34
26.39
26.86
21.43
25.59
22.33
44.63
24.6
33.23
83.78
45.22
64.02
83.3
24.92
75.84
68.18
87.99
38.31
58.07
70.95
74.23
63.82
82.75
42.02
47.47
47.96
51.75
38.91
38.24
26.68
41.26
26.43
42.53
37.28
36.02
39.07
32.5
22.03
81.59
115.59
28.01
89.44
123.78
102.38
43.84
48.77
128.46
57.44
133.13
112.23
40.65
98.64
127.83
37.98
41.75
40.2
34.1
29
105.95
40.55
40.52
136.91
125.55
92.87
124.62
43.98
86.86
96.99
29.11
131.32
76.78
23.64
45.19
51.67
69.38
84.48
89.84
226.74
57.6
83.37
84.16
67.66
150.91
154.36
137.74
138.22
95.98
156.15
60.21
171.85
74.26
169.36
32.01
193.08
138.13
137.95
64.57
56.24
58.6
327.28
196.57
21.33
21.7
35.68
20.93
19.56
25.17
47.7
32.89
58.56
44.57
35.72
29.04
41.47
28.79
65.29
63.52
32.33
34.88
55.22
51.97
28.44
55.74
58.42
12.15
33.35
17.95
119.28
48.2
85.51
42.13
122.52
45.04
12.03
41.94
168.96
31.23
170.94
154.17
105.43
172.47
137.36
32.52
20.92
44.57
50.5
25.69
56.81
26.72
24.05
117.27
98.48
143.57
35.81
80.33
25.03
56.51
179.47
88.07
68.3
18.99
26.08
21.2
28.71
51.72
40.72
47.88
79.96
68.51
56.77
84.71
125.18
88.13
91.7
176.54
69.41
123.86
126.11
163.22
177.59
77.1
174.02
66.28
229.83
65.4
42.44
60.55
56
73.61
40.35
56.49
71.52
106.82
16.18
22.18
27.12
42.95
47.86
86.12
37.51
55.25
80.87
30.39
47.88
48.41
33.32
23.68
34.15
34.84
33.08
27.79
56.64
36.89
53.33
42.86
30.81
119.42
56.11
117.76
110.78
140.79
156.98
115.2
33.94
179.74
75.93
101.74
87.26
153.86
95.92
181.91
86.98
166.26
80.87
75.19
56.96
85.84
47.85
45.15
48.39
89.04
50.21
33.67
39.43
121.79
157.72
146.06
34.29
87.96
82.48
70.02
46.2
68.67
81.93
93.99
53.74
102.93
34.67
43.65
111.8
52.45
100.38
52.44
77.17
66.45
98.54
36.93
242.59
17.56
19.39
50.37
95.54
42.48
28.26
50.79
53.45
110.85
44.44
206.81
17.92
71.71
62.97
22.22
47.9
23.58
44.02
52.57
39.4
24.33
47.96
47.47
36.15
77.93
70.82
76.08
63.44
65.64
82.31
69.05
50.01
60.59
70.15
33.05
32.75
22.12
32.42
124.67
38.36
78.7
27.5
60.12
114.5
131.51
32.61
69.18
49.71
127.97
119.14
42.37
210.78
210.74
209.07
301.58
30.43
25.89
41.98
31.92
38.3
35.09
32.12
18.81
28.29
46.49
107.85
69.83
76.89
88.87
34.98
85.21
41.77
36.05
55.04
109.54
61.88
43.49
12.41
95.7
80.75
92.77
41.48
53.77
46.77
82.8
85.28
154.3
22
23.72
38.49
16.53
13.7
50.68
65.81
83.02
73.71
62.87
70.08
69.06
32.86
69.39
46.79
45.81
84.05
63.85
97.35
45.37
97.6
87.07
112.83
21.02
84.93
48.63
56.43
31.95
37.19
40.76
40.96
31.39
48.67
66.35
43.32
31.75
45.47
45.91
32.34
41.66
32.27
56.13
47.12
59.07
59.76
34.25
40.8
84.36
90.54
94.28
71.33
101.72
105.82
36.01
30.83
37.54
151.22
91.45
108.22
68.22
161.5
158.64
106.62
55.77
38.16
310.49
35.6
68.37
64.96
78.73
94.14
94.69
22.62
105.58
114.92
90.02
33.26
114.35
80.29
48.33
66.03
1062.17
108.97
100.31
53.44
30.55
45.26
55.87
27.69
118.56
51.58
68.29
100.14
39.88
75.05
23.69
83.55
50.77
54.61
48.73
13.33
58.61
38.21
26.89
86.8
26
50.28
194.44
311.57
19
15.91
23.26
16.27
14.07
30.77
43.64
21.4
58.55
37.63
16.56
38.78
50.24
21.86
33.98
49.65
49.64
44.4
42.75
26.96
33.85
57.37
67.18
71.53
52.93
61.6
111.42
70.38
101.93
100.15
24.59
22.58
38.03
1049.15
26.96
23.61
88.09
80.69
122.18
16.4
27.79
27.5
50.15
159.21
133.76
56.19
63.97
74.18
105.11
20.99
169.08
189.09
101.84
65
38.83
26.11
12.56
40.52
46.19
16.68
16.97
46.18
73.59
44.36
64.65
48.65
55.86
33.8
37.63
19.61
93.18
103.18
29.26
23.85
20.71
21.81
21.18
30.11
39
33.74
42.38
1041.73
16.8
82.88
76.31
88.12
1054.26
55.07
106.84
96.11
68.38
143.71
83.46
143.89
54.09
56.55
64.32
67.8
74.48
80.55
44.38
66.03
63.54
57.84
28.29
62.01
13.62
24.38
53.34
54.58
17.82
13.65
39.47
42.87
29.25
18.02
40.24
16.46
43.83
31.93
31.93
51.06
30.26
56.07
22.51
89.35
126.42
95.19
108.89
117.5
64.9
54.6
125.94
61.67
18.56
70.17
55.71
106.13
209.03
178.18
141.68
293.73
56.12
74.1
71.52
113.23
101.96
120.57
48.38
92.51
51.14
87.33
121.65
79.09
72.47
36.49
76.74
69.61
94.31
70.21
58.26
56.74
82.92
76.11
58.96
132.44
88.72
40.38
90.99
110.34
117.78
85.82
280.33
211.56
99.61
60.98
48.53
47.29
32.68
34.88
68.93
47.57
45.22
263.56
52.63
29.82
61.8
51.43
67.42
30.8
57.96
124.38
125.72
33.73
49.18
50.12
47
136.59
24.33
18.68
15.86
30.07
35.87
49.88
25.97
25.15
59.89
74.84
43.2
49.07
62.13
116.17
85.57
27.93
23.35
55.11
130.62
141.32
29.59
26.53
39.34
59.09
47.19
143.63
134.14
63.84
120.57
158.72
70.05
193.14
23.39
42.92
33.38
40.17
78.17
78.98
31.4
28.47
92.75
128.22
13.1
104.79
45.77
116.28
21.52
12.41
53.39
20.95
24.95
36.91
43.45
78.86
29.06
39.56
27.16
107.79
53.48
111.92
128.31
40.17
1065.05
36.69
127.06
93.47
22.59
27.31
35.14
47.2
53.89
69.96
54.03
69.62
68.85
120.92
107.36
102.79
82.05
171.04
114
139.97
27.43
21.45
15.18
33.73
24.9
41.82
61.25
27.09
49.07
39.94
36.39
39.69
34.65
38.37
21.75
29.14
40.31
34.03
36.36
27.99
35.11
44.41
52.66
66.22
39.98
47.42
46.71
64.95
1063.16
82
119.44
34.69
28.38
118.11
121.44
53.66
109.46
135.36
111.83
80.41
61.32
140.12
49.99
84.2
153.11
115.28
24.64
81.59
47.23
52.01
75.94
48.96
65.02
94.6
110.62
51.58
51.84
118.63
41.53
149.27
37.86
19.38
36.17
18.05
21.66
36.78
41.53
88.43
14.72
54.36
89.73
52.19
112.18
62.61
127.8
114.55
54.34
141.53
74.78
31.94
123.92
261.2
51.94
183.21
16.85
48.88
31.64
58.82
66.27
49.67
95.11
66.02
32.19
107.15
40.33
214.9
40.86
43.08
90.88
98.45
174.63
15.96
22.03
20.71
28.98
17.91
22.28
22.1
18.61
49.71
113.76
46.01
38.31
16.15
19.61
16.42
18.87
15.5
23.44
49.81
31.12
23.84
77.88
38.62
51.38
36.33
33.6
91.65
45.17
43.19
38.87
80.8
80.7
33.71
34.34
39.23
30.19
67.66
35.95
151.95
43.85
189.61
201.38
41.47
67.48
164.95
122.82
77.95
182.56
187.39
137.7
184.69
37.92
25.65
49.61
24.63
32.33
42.42
47.5
20.58
44.41
50.46
26.6
17.06
66.11
13.26
11.8
11.75
13.27
21.49
14.81
12.3
11.96
22.24
13.38
40
42.63
15.84
112.31
20.26
26.52
92.01
40.06
73.57
103.53
41.34
21.58
35.52
67.25
36.69
67.16
63.38
46.39
49.45
130.11
82.44
71.23
65.49
64.79
177.03
102.18
114.77
37.72
47.46
33.99
73.25
92
37.26
57.94
56.27
43.69
30.31
41.48
32.73
35.69
86.4
27.68
18.85
49.86
25.41
47.3
15.19
37.65
26.73
21.33
68.17
22.13
17.22
18.39
17.83
25.18
69.65
54.88
25.38
52.62
16.93
34.75
57.69
25.55
36.74
88.5
40.54
142.61
92.64
156.2
139.9
78.47
80.87
68.62
68.89
80.5
51.99
134.42
37.29
46.39
164.2
94.8
98.51
59.88
86.93
98.01
54.28
56.92
63.63
44.2
80.17
40.76
95
27.84
58.57
45.98
74.96
78.05
87.22
108.24
67.76
102.63
46.89
91.53
34.74
97.73
71.4
79.35
55.38
78.39
103.18
90.11
251.35
247.24
23.36
1039.58
52.93
1036.64
35.32
59.96
75.17
23.63
49.17
42.41
62.41
95.61
15.77
14.7
33.99
33.72
28.57
47.58
26.94
26.84
64.63
48.41
187.36
17.79
33.42
30.89
44.99
78.72
29.26
17.14
25.14
49.37
43.41
56.73
47.68
21.26
15.53
22.8
46.36
59.38
43.42
66.63
73.13
69.07
87.36
21.91
15.79
48.27
25.71
39.1
83.85
44.33
23.14
130.56
121.25
132.2
134.87
22.07
136.72
40.23
96.46
213.4
148.18
164.22
14.49
34.45
29.12
45.16
34.94
29.85
137.68
19.17
50.97
57.61
26.54
140.14
20.42
30.8
59.62
28.96
29.99
45.87
76.21
25.39
128.24
26.16
57.15
72.82
52.67
103.86
48.32
45.03
83.71
34.86
31.48
47.59
50.78
42.06
68.81
56.94
50.46
65.31
51.62
22.92
36.79
81.16
125.68
107.33
51.38
50.84
48.43
34.27
69.04
50.83
46.69
43.71
47.19
34.8
94.55
78.47
29.32
41.12
42.99
34.58
70.81
77.65
46.27
51.95
65.23
41.35
42.52
32.58
26.75
40.32
41.43
44.7
58.26
41.52
43.68
28.1
35.82
35.74
91.78
101.29
114.26
92.12
116.41
68.58
142.69
58.75
57.62
72.77
110.04
143.65
88.41
133.21
88.66
91.14
114.21
135.68
28.1
116.27
137.05
59.7
51.93
66.75
81.22
110.16
27.33
62.67
140.41
31.93
107.21
55.72
25.46
80.13
84.17
62.65
44.09
133.79
89.03
59.12
127.09
31.69
55.26
54.08
126.73
59.27
40.09
63.7
145.6
67.5
118.16
31.46
61.21
16.27
46.3
49.22
58.48
52.22
1059.11
57.08
108.15
62.66
135.82
168.76
16.29
36.39
22.13
33.52
26.59
15.73
70.09
56.04
54.36
56.57
77.48
32.8
36.03
50.4
15.82
31.72
58.85
81.34
60.4
65.2
249.32
18.79
31.63
20.95
15.03
52.21
41.14
29.52
54.04
82.71
60.71
47.44
51.49
70.71
95.77
20.24
30.27
26.17
28.71
67.27
39.68
42.25
61.85
32.81
58.07
140.78
112.62
189.54
66.82
28.28
149.13
47.73
99.04
41.7
113.02
60.83
138.69
161.04
155.55
275.33
33.29
29.23
19.9
57.96
48.52
15.35
82.77
21.34
121.83
55.9
120.24
97.08
37.45
15.66
66.2
49.84
18.34
18
80.12
29.22
55.06
20.83
21.94
19.25
27.33
23.5
48.17
51.39
137.8
159.62
15.79
20.62
53.87
63.47
93.62
28.23
43.71
57.93
80.85
107.28
56.43
141.77
138.55
40.83
32.69
39.91
68.77
86.61
48.12
121.14
42.27
45.49
47.18
56.46
27.71
43.58
74.41
17.53
67.13
55.77
36.83
19.25
20.47
34.93
18.61
42.29
40.81
39.45
18.5
23.48
73.22
34.22
33.59
31.68
29.16
22.09
53.21
17.38
19.29
16.05
34.61
30.33
41.09
57.7
74.21
82.52
40.88
53.2
39.41
54.31
61.3
81.66
44.51
58.16
79.53
64.74
91.98
52.51
48.6
88.71
82.47
51.78
88.07
95.25
84.77
48.67
71.82
142.32
150.76
76.62
127.56
82.85
71.65
121.88
95.69
84.79
94.28
56.65
178.6
77.15
187.65
43.25
22.29
94.65
136.82
100.07
116.67
17.85
108.79
43.62
178.32
32.52
39.19
48.09
41.34
58.98
68.14
64.64
90.36
54.58
78.44
43.5
56
25.26
28
48.28
41.77
60.16
140.32
16.24
25.09
20.19
28.15
33.72
63.57
26.24
23.82
35.16
55.18
52.53
51.93
45.64
78.92
30.49
30.29
30.6
38.54
19.9
67.66
99.65
45.63
71.85
87.86
257.72
41.23
28.62
58.63
69.46
70.56
73.97
115.56
59.3
72.07
99.83
77.85
138.22
17.15
17.59
23.56
19.56
55.75
37.3
62.28
90.11
66.59
69.93
43.21
106.66
25.03
73.77
70.02
78.75
98.39
53
47.47
59.51
105.65
38.5
49.9
149.42
35.44
35.39
14.4
32.48
63.54
70.92
38.41
40.05
73.02
41.26
36.46
14.69
93.25
79.19
104.4
17.6
56.2
48.7
32.67
134.09
42.73
28.5
17.22
72.56
113.38
85.74
50.14
80.58
65.95
83.56
107.8
27.16
14.84
50.49
1100.74
22.42
117.1
41.41
101.05
103.07
58.52
40.04
71.34
56.77
88.82
53.38
47.63
27.7
25.66
39.9
68.37
62.6
42.6
84.01
21.95
10.4
46.2
44.69
22.68
18
17.88
17.96
54.41
24.12
19.19
28.05
15.43
37.78
51.33
66.61
52.71
51.17
19.51
34.7
54.28
35.15
40.48
29.61
77.3
48.34
63.86
80.87
144.23
102.26
120.95
66.44
93.89
123.23
53.38
154.43
25.96
98.51
116.74
144.91
125.8
82.62
178.25
131.33
77.67
74.52
128.25
43.06
95.06
75.57
41.92
147.6
71.03
65.49
117.3
118.65
52.33
96.05
48.58
85.18
49.89
125.34
42.02
71.76
157.81
158.94
82.83
238.32
114.71
30.26
70.02
63.68
95.54
293.25
257.87
47.22
102.81
43
57.27
64.83
51.21
31.65
80.78
97.13
227.14
16.04
29.02
37.76
15.66
29.45
20.9
40.6
23.8
35.79
25.04
35.3
22.03
66.68
96.31
60.45
18.4
28.61
18.59
35.09
34.43
46.18
68.03
34.73
48.61
66.99
68.54
68.88
51.06
120.97
36.83
25.19
14.72
65.32
23.48
59.72
83.51
86
62.65
76.25
157.39
108.57
22.35
106.14
49.31
105.28
33.37
131.23
67.87
79.56
48.93
51.92
153.21
48.24
29.91
192.58
64.94
140.09
237.06
174.67
35.19
46.47
38.23
51.76
85.37
26.38
44.23
47.53
49.85
53.4
35.9
53.46
41.2
60.7
28.67
77.62
29.51
36.08
27.65
34.42
43.42
53.5
63.95
39.7
26.52
26.17
58.59
22.27
15.95
15.26
38.08
94.25
94.38
49.89
89.81
63.41
106.43
60.02
39.74
167.3
75.82
33.82
36.29
64.93
67.86
46.85
35.86
70.18
40.36
19.47
31.74
35.78
53.72
58.94
32.37
48.94
66.59
60.37
25.89
39.38
47.21
75.67
33.99
30.21
30.8
46.4
37.48
35.59
11.36
51.22
56.55
60.63
28.05
67.6
86.23
86.39
130.02
63.72
50.12
121.37
126.21
134.2
53.82
46.62
125.5
95.77
158.75
112.49
176.16
44.55
17.91
123.67
127.48
45.77
52.91
68.11
45.86
47.21
70.95
75.62
123.42
70.66
39.19
67.03
71
61.09
65.11
76.1
105.5
95.94
42.79
86.91
56.78
108.53
111.42
103.78
30.73
124.37
31.89
36.62
107.63
31.66
131.51
118.55
135.98
128.61
65.34
40.6
55.39
40.97
43.63
19.09
91.21
170.66
113.07
384.43
25.52
19.34
31.45
1045.26
21.27
14.7
36.22
53.75
80.69
85.36
58.91
27.5
34.84
28.4
48.68
27
70.96
21.61
70.35
53.65
22.86
25.97
42.49
35.18
76.78
37.54
25.94
51.6
56.74
58.3
64.38
45.74
63.79
64.07
63.19
34.99
49.29
46.21
43.1
115.92
179.66
118.68
64.17
14.46
15.9
101.98
92.42
210.12
57.57
145.28
35.99
170.77
206.64
260.07
12.66
21.98
23.08
36.31
30.04
38.46
18.8
35.12
27.31
51.26
46.24
30.77
56.77
49.96
36.53
19.69
38.9
23.54
50.2
38.59
78.5
18.55
50.59
19.52
14.76
40.14
73.9
73.65
19.9
109.86
74.96
118.75
57.61
95.31
59.52
108.52
95.35
112.63
62.02
93.96
61.12
116.15
178.24
41.01
34.02
41.8
36.25
52.39
48.46
57.15
100.21
54.72
60.13
128.26
70.18
51.68
40.46
14.96
31.96
12.79
32.74
79.03
66.44
75.19
43.24
35.54
27.87
22.42
31.81
18.83
15.85
23.34
38.13
34.14
35.92
33.01
41.15
35.56
48.58
66.69
42.02
30.23
67.88
86.09
44.74
113.88
29.74
55.26
54.74
133.94
115.4
122.5
109.85
42.93
180.49
151.42
161.36
118.8
29.67
156.29
109.55
70.63
56.14
76.77
56.38
20.66
16.69
92.06
66.71
63.6
106.91
96.74
32.03
89.86
40.54
112.71
40.86
62.1
76.07
76.84
32.8
24.59
69.09
119.39
96.07
28.42
43.11
38.98
89.62
155.76
91.43
136.96
129.94
97.55
238.84
211.56
33.61
47.42
50.57
24.96
32.36
55.1
51.35
35.27
65.57
49.26
32.57
33.07
31.68
36.42
47.42
29.52
36.51
28.17
33.03
15.04
61.2
56.55
65.72
22.79
30.1
20.82
16.82
28.64
25.43
57.05
88.26
13.85
104.22
20.24
22.38
27.41
34.35
27.22
83.73
64.35
86.53
51.27
55.57
61.36
211.89
291.51
17.41
17.51
22.3
40.61
16.47
33.88
19.54
28
74.39
91.79
15.77
118.94
124.31
27.2
39.43
148.57
152.21
71.67
171.48
52.79
40.53
125.7
181.11
55.36
70.56
95.51
79.78
19.99
34.31
20.17
62.88
13.97
74.91
25.54
75.39
54.27
119.6
97.14
98.1
46.22
13.64
89.14
23.24
87.99
14.16
11.76
73.42
127.52
48.75
88.01
13.88
105.43
34.46
89.56
151.69
27.08
48.44
37.76
63.83
41.24
34.84
44.24
80.87
19.04
47.56
67.78
56.38
55.97
78.09
59.88
39.56
59.5
57.79
69.51
99.02
40.64
26.76
53.77
1062.31
45.57
48.03
74.15
30.7
25.48
33.12
22.21
59.27
48.69
25.91
59.7
63.93
34
35.05
31.71
30.5
35.65
43.92
35.97
34.72
37.33
32.32
30.03
50.57
35.67
32.92
27.71
55.76
39.78
36.56
44.04
33.26
35.85
26.33
17.12
69.41
69.73
62.12
134.27
100.81
50.9
76.35
174.5
36.89
127.03
41.57
150.22
56.52
145.44
201.22
33.02
64.84
69.13
101.67
78.95
61.67
59.98
112.48
64.11
116.07
50.06
70.12
30.53
121.22
50.04
59.17
60.26
37.28
138.29
219.09
77.4
70.23
101.35
52.46
107.22
139.94
97.44
22.51
145.98
112.66
61.95
77.1
59.7
124.63
176.9
91.92
43.53
48.71
165.35
39.15
50.17
42.03
40.26
17.06
29.56
55.5
54.66
75.01
70.17
31.17
19.26
30.86
39.66
33.69
33.3
47.34
14.47
15.8
32.32
62.06
56.81
75.86
28.98
23.98
19.97
38.11
28.32
26.76
45.03
52.02
44.75
28.03
44.89
25.72
45.61
70.1
53.08
215.83
19.55
11.74
66.44
32.87
67.59
67.08
74.05
75.15
30.94
62.39
43.32
110.17
31.11
45.42
45.7
39.94
35.43
26.82
43.82
138.93
51.64
57.18
18.01
114.96
45.39
112.12
151.03
143.31
88.37
72.14
87.25
55.25
31.3
25.75
71.59
40.53
87.4
138.36
23.76
22.99
86.58
129.99
110.37
30.12
126.65
37.25
60.68
23.82
16.51
33.44
76.21
124.66
21.92
30.75
50.58
31.95
111.1
25.9
115.55
108.43
48.94
75.07
37.06
156.47
118.2
125.09
136.39
22.33
21.22
18.49
37.93
21.98
40.93
33.69
72.13
18.5
65.08
65.17
48.09
68.68
70.15
73.12
58.41
50.12
44.47
56.71
38.24
60.95
44.53
73.21
62.29
77.62
74.71
70.14
66.31
32.96
31.65
27.52
34.89
35.45
33.88
27.86
36.3
32.41
37.41
62
57.1
39.31
40.77
30.89
45.42
33.67
56.16
102.72
125.6
119.61
87.26
74.63
80.43
85.15
147.31
57.81
79.63
126.26
26.46
118.2
43.19
26.63
74.21
45.96
58.51
40.27
107.04
42.01
131.93
94.02
119.34
116.19
141.71
53.48
74.98
70.73
75.79
39.41
17.71
15.51
81.8
17.84
26.35
85.13
37.16
90.6
101.46
36.94
45.04
136.16
101.59
31.99
306.35
213.56
159.83
86.15
79.16
70.18
53.53
108.19
117.35
67.94
117.44
55.32
83.99
28.04
58.47
33.99
43.22
35.66
42.63
43.73
239.32
408.71
21.91
31.09
26.85
44.82
38.59
29.45
24.81
47.02
20.27
82.83
49.47
33.34
11.59
15.24
36.28
53.23
42.89
36.96
55.97
36.75
61.72
1046.65
30.64
31.53
99.18
102.48
32.64
105.88
49.96
33.1
109.66
193.7
141.03
141.32
20.8
25.04
42.4
153.22
22.41
160.47
33.69
33.06
79.3
57.56
30.04
34.98
18.51
69.86
95.51
28.67
91.59
77.25
44.81
162.15
31.03
24.63
27.77
23.68
14.86
23.29
27.55
29.25
119.75
26.2
65.87
42.61
138.24
114.21
23.66
87.56
59.46
43.32
30.43
141.62
20.59
27.21
19.09
56.07
109.09
28.32
64.59
125.49
60.51
85.75
101.94
66.89
20.56
30.92
97.56
37.1
95.95
71.24
51.45
72.71
34.46
67.95
37.92
14.65
58.94
46.35
76.08
34.6