117.74
106.35
114.59
54.53
66.47
65.91
54.26
63.36
62.69
46.72
47.96
56.21
65.2
60.88
67.37
49.26
53.78
56.28
156.49
211.44
63.82
88.23
81.39
59.22
62.88
61.29
67.31
85.81
148.07
142.67
141.63
147.76
62.32
49.19
53.57
60.95
57.56
65.64
52.33
69.41
60.32
58.4
37
34.34
71.64
64.75
52.64
56.1
63.89
60.3
39.5
53.6
26.98
62.62
68.96
66.06
63.71
63.55
40.33
53.85
52.54
51.12
28.27
54.25
18.03
48.3
42.33
49.04
62
46.56
66.36
56.36
58.04
61.29
22.61
55.75
32.77
50.34
29
24.86
54.05
58.93
22.47
21.49
24.69
26.3
20.06
35.32
27.63
28.99
63.72
45.65
46.99
59.12
55.23
60.23
59.4
63.36
87.98
107.96
88.1
69.3
51.59
50.58
59.86
72.93
71.98
97.58
56.08
43.57
60.05
56.41
68.32
64.66
57.85
58.6
57
61.73
67.61
62.95
64.33
62.77
62.96
62.84
60.45
63.51
58.63
85.18
61.69
54.05
47.98
55.51
61.33
53.89
53.15
51.35
50.96
47.51
37.99
65.45
56.83
68.03
43.96
87.45
59.95
60.78
48.14
32.99
45.04
59.64
70.05
58.37
25.7
10.02
49.59
48.51
55.02
56.73
59.73
89.53
44.97
58.9
66.58
35.6
23.89
58.14
55.61
64.46
56.38
52.35
23.82
24.94
9.82
58.77
55.07
25.5
27.02
51.6
47.54
15.7
16.85
66.63
66.49
86.99
55.21
26.05
26.98
44.35
53.14
89.05
55.28
54.38
48.63
53.95
66.88
76.56
93.6
59.17
47
63
65.2
66.67
94.66
74.6
73.36
81.23
77.73
93.26
95.26
116.32
58.48
40.34
44.22
68.2
63.04
37.46
66.95
62.41
51.88
56.88
60.84
56.19
51.19
49.2
91.24
64
42.13
37.45
38.14
57.87
60.03
51.84
27.65
27.07
61.75
82.11
40.16
133.73
32.52
55.74
41.71
49.51
57.6
43.71
55.19
55.3
44.61
43.23
61.2
43.8
53.74
33.9
45.69
38.52
51.31
55.03
57.78
56.05
105.94
47.36
10.35
31.93
56.74
22.01
28.73
41.95
17.63
24.72
27.43
35.99
48.39
48.59
27.63
31.17
62.17
46.24
51.27
30.14
171.92
56.48
44.86
43.72
50.45
51.72
45.56
58.71
49.76
35.7
49.4
60.05
61.7
68.39
62.1
88.59
88.99
51.45
48.7
44.54
48.01
50.17
54.87
58.44
68.71
69.64
55.26
69.76
62.71
70.19
60.56
67.47
57.78
44.84
61.89
47.89
47.01
46.24
61.36
59.43
70.74
36.28
22.63
49.69
54.45
68.71
61.46
53.01
49.92
60.95
46.33
58.34
69.21
60.77
40.49
56.21
56.69
39.51
56.59
59.69
37.81
101.36
53.48
47.85
46.31
47.7
51.56
19.23
26.45
31.45
48.75
60.13
55.93
54.04
43.85
41.19
43.38
57.38
50.51
43.57
56.22
48.91
53.11
65.67
90.72
26.91
46.59
40.74
25.98
11.48
19.05
20.22
23.24
57.15
48.36
17.53
17
49.65
54.88
60.29
86.28
63.6
24.13
44.67
37.63
30.89
42.06
56.58
55.32
43.94
46.35
52.17
52.16
45.15
51.86
61.54
53.06
54.32
58.54
60.21
71.17
51.21
51.55
57.73
96.44
97.63
106
106.3
46.83
53.85
64.26
47.83
118.82
91.21
59.28
58.19
58.2
61.52
63.66
64.58
53.46
61.76
39.93
54.51
62.78
55.82
33.53
42.21
55.23
46.2
45.34
38.12
47.43
41.47
54.56
51.26
62.39
62.51
91.32
48.87
54.52
61.4
57.06
49.26
61.54
57.57
57.79
22.17
61.14
48.07
57.17
35.82
42.38
50.47
50.13
68.37
45.39
52.95
41.47
42.3
28.93
68.22
49.27
55.18
53.22
58.99
58.39
64.85
122.32
43.04
28.56
26.63
49.29
37.16
50.23
24.37
53.32
20.12
22.09
20.89
26.59
47.98
32.81
44.09
55.99
57.42
51.71
57.55
56.93
54.09
56.24
65.2
69.53
52.61
47.62
59.46
56.9
64.07
59.53
54.84
71.02
65.14
70.49
68.54
72.53
65.27
61.54
47.17
58.85
63.52
50.61
65.1
68.79
62.28
99.39
58.48
142.2
60.96
57.4
67.58
58.3
64.25
58.86
47.39
49.37
59.76
48.38
58.98
44.5
44.08
44.87
49.98
63.81
60.12
38.15
51.9
47.18
43.87
62.86
60.99
67.28
54.97
56.9
59.2
52.96
86.54
56.37
58.89
53.78
78.94
58.84
40.14
46.69
54.37
38.65
36.77
39.25
54
71.6
57.07
46.09
40.67
20.73
52.89
37.35
22.83
26.07
44.28
69.12
65.62
44.66
29.19
44.49
60.81
53.27
61.55
43.78
57.98
60.7
50.21
24.61
26.16
35.1
31.7
41.41
24.58
25.83
30.29
58.66
27.25
26.78
62.93
50.91
49.46
111.01
61.68
60.8
87.62
46.72
42.79
50.5
48.3
47.7
51.85
57.17
86.27
94.13
96.6
95.63
60.16
34.2
52.41
62.7
71.66
44.78
67.72
78.41
52.27
42.18
56.94
65.16
54.68
59.87
90.14
35.52
49.93
93.53
59.8
52.92
69.05
58.45
53.13
46.26
54
56.06
61.21
46.96
42.84
61.19
40.46
37.92
47.06
42.05
55.55
46.56
57.13
53.12
48.59
50.19
47.61
51.99
60.29
56.28
58
43.96
52.44
51.04
55.22
74.29
51.81
45.37
44.65
57.35
9.36
16.76
36.19
40.76
45.26
47.14
37.97
43.3
42.14
10.17
41.06
39.42
78.54
37.57
51.48
47.02
79.75
80.36
27.55
28.73
16.33
48.48
21.85
53.37
75.2
20.1
15.59
16.64
15.94
28.37
60.53
32.36
54.25
47.04
33.84
21.83
52.71
32.3
53.64
51.2
53.97
36.07
41.66
48.14
49.25
45.24
50.1
50.36
45.23
40.91
34.91
49.47
47.99
43.37
49.71
51.89
57.62
85.37
50.92
32.74
41.67
48.65
49.81
50.48
57.13
50.78
60.96
53.54
50.65
55.75
51.27
43.14
63.03
58.34
58.31
51.84
43.54
45.79
64.88
55.9
151.94
61.22
55.16
42.94
62.74
77.74
52.11
38.84
52.59
82.25
62
42.92
47.96
31.41
48.57
37.16
21.38
27.38
32.17
62.32
54.63
42.36
45.67
66.04
63.52
61.91
44.47
111.13
41.99
67.39
64.11
69.64
54.31
22.49
28.75
42.72
49.14
52.62
29.54
41.85
49.33
46.42
37.45
43.19
48.63
52.29
49.22
41.8
18.54
46.25
52.76
54.16
54.99
15.52
27.82
17.04
24.61
15.91
41.14
49.7
14.99
51.42
44.06
22.77
56.82
56.1
79.21
43.13
49.73
46.68
41.57
45.58
48.54
58.82
58.06
59.41
54.6
57.99
68.57
68.07
63.89
63.93
64.76
55.26
43.2
50.66
45.11
60.19
65.06
70.39
68.64
71.01
60.36
43.61
62.15
54.64
51.65
52.13
56.13
46.55
52.58
94.58
53.83
44.44
56.9
51.15
62.51
50.59
86.49
38.73
13.22
62.48
52.88
37.48
58.96
44.73
74.04
69.9
49.54
49.34
57.1
59.78
16.55
20.81
66.85
57.18
52.62
91.7
100
37.83
53.5
47.5
40.17
31.85
53.85
55.56
48.44
55.06
53.84
47.63
51.9
82.76
55.84
43.38
10.37
40.38
43.4
33.92
48.65
53.66
59.75
23.68
50.13
57.37
35.09
14.42
18.99
28.21
45.38
17.13
59.02
16.46
14.4
15.06
24.81
36.02
24.21
42.08
24.57
32.83
50.52
55.47
54.63
52.96
57.41
61.03
58.99
41.05
53.55
49.78
49.39
47.22
62.01
58.38
49.78
43.19
60.06
63.35
70.19
53.61
43.72
56.37
60.9
71.31
64.32
102.27
67.21
46.8
44.18
80.3
62.64
56.68
50.09
121.04
66.37
40.89
59.01
46.85
144.5
50.35
56.08
52.57
53.17
30.61
84.66
51.72
53.41
48.82
52.13
21.76
39.35
35.3
42.59
46.58
62.09
9.33
18.2
52.36
63.5
44.13
68.65
35.85
35.28
57.58
40.56
39.63
38.69
46.19
51.89
40
35.06
22.59
24.38
57.87
34.36
28.63
34.3
48.89
46.7
53.11
50.69
44.37
34.82
49.42
53.65
59.16
90.14
14.21
23.23
46.34
20.15
7.26
24.93
36.31
21.78
18.76
14.98
19.23
23.42
37.65
32.99
24.53
16.89
20.97
33.29
56.72
51.89
54.75
72.73
50.56
42.08
59.94
55.95
41
45.45
59.39
51.17
54.08
60.44
59.39
43.57
55.53
52.36
55.99
54.69
58.56
46.21
56.18
59.85
63.62
121.99
66.07
54.76
54.94
63.9
65.74
62.92
51.75
59.24
46.59
53.44
63.27
57.64
37.58
58.22
47.03
42.46
42.35
43.87
51.63
51.11
49.28
63.88
26.94
42.41
40.88
62.35
55.08
57.87
61.51
50.79
48.84
50.16
55.13
50.34
37.56
61.83
35.21
33.34
31.65
52.55
44.38
44.82
46.62
42.14
55.37
61.28
45.77
56.95
51.85
34.61
18.62
14.3
50.33
47.25
54
55.48
35.16
34.33
23.41
33.15
50.4
50.2
60.92
39.37
29.25
37.69
45.05
45.09
53.56
39.86
26.63
15.1
18.74
21.35
61.57
15.96
45.25
23.18
17.77
22.38
21.21
19.83
47.87
22.33
54.23
29.82
54.69
51.84
54.15
57.38
58.81
50.49
48.95
92.78
54.54
50.22
44.16
42.7
51.99
53.96
48.49
53.77
63.66
51.6
43.6
47.17
46.72
55.19
49.94
66.34
48.4
59.32
57.66
69.84
65.6
52.33
53.8
62.93
54.69
52.6
64.02
44.08
57.01
62.42
81.02
56.4
69.37
43.62
45.86
61.9
38.51
35.63
30.56
50
7.83
148.17
46.99
75.82
53.28
65.13
52.16
46.04
74.11
48.75
48.52
67.71
38.25
34.26
31.72
55.57
57.14
46.72
52.19
98.11
40.89
27.26
32.3
51.81
43.06
46.35
49.41
17.03
56.61
39.86
60.21
55.55
49.77
148.62
86.66
62.99
69.13
67.92
35.27
41.55
53.77
57.18
34.24
117.69
23.05
24.17
26.68
53.32
71.54
18.42
24.52
20.48
29.64
48.53
25.99
24.82
45.45
56.14
52.22
25.22
47.54
49.4
43.61
47.85
53.52
61.96
49.66
39.04
44.31
46.32
42.38
42.4
43.28
43.79
55
1056.04
40.99
66.65
59.56
54.97
42.81
44.76
57.28
59.75
60.39
52.03
55.13
65.78
59.81
126.92
53.31
50.7
35.14
51.53
56.07
52.43
156.16
131.52
49.92
57.78
44.07
48.38
55.76
39.03
50.92
45.77
27.93
41.65
62.19
48.23
37.78
52.03
43.74
39.5
16.72
49.58
65.18
46.9
62.89
67.3
72.58
45.8
42.42
53.9
49.29
58.53
63.04
38.54
53.92
57.03
58.34
90.12
57
64.92
59.94
66.22
43.51
39.89
39.9
27.24
43.26
40.36
61.43
57.83
54.8
154.1
37.9
33.79
8.03
48.6
24.4
44.48
54.18
40.05
48.22
46.44
9.21
28.31
25.76
55.13
19.68
16.08
8.63
16.06
19.64
20.36
63.55
69.02
22.89
61.82
54.52
57.42
62.08
68.78
35.27
48.02
37.43
50.44
47.93
69.74
47.28
49.97
45.98
50.78
61.29
71.48
99.47
121.37
39.94
51.14
38.47
60.94
57.49
67.32
56.96
43.11
52.59
51.58
64.13
56.84
59.23
39.62
39.49
36.44
37.44
20.9
49.83
40
41.6
51.89
49.88
65.06
57.53
60.18
97.58
52.34
64.44
57.96
36.74
21.98
46.33
53.87
60.32
76.22
62.3
44.34
33.1
41.52
41.46
44.65
68.95
53.57
44.1
44.59
41.66
46.56
61.94
60.17
32.18
45.23
35.27
41.28
45.08
42.72
41.1
53.03
44.58
37.54
21.67
59.7
22.06
20.92
32.86
38.18
46.05
47.59
33.21
45.54
50.41
44.84
58.78
53.7
41.88
26.31
18.26
15.41
26.12
29.2
14.87
21.17
20.68
26.18
41.45
70.9
16.96
50.81
53.51
49.92
37.99
37.55
45.02
52.95
49.41
42.7
87.05
36.12
43.45
47.94
48.11
45.39
52.1
54.76
70.03
55.91
47.45
46.77
49
57.39
59.84
60.33
49.82
62.8
70.83
60.74
40.66
60.37
47.62
42.96
54.92
59.09
52.03
56.66
42.43
58.74
70.4
59.01
38.28
55.17
59.3
54.42
34.3
41.79
44.42
41.8
41.72
50.56
61.4
47.61
50.16
57.4
33.52
54.14
42.03
45.7
53.56
45.45
60.35
53.24
48.12
41.8
60.54
51.56
32.91
44.77
42.92
44.47
52.02
44.81
21.1
22.26
41.17
53.18
55.72
67.04
42.6
63.41
34.57
50.18
43.94
41.64
28.25
43.96
36.44
44.22
44.01
64.56
19.23
17.82
35.6
48.86
75.23
33.83
50.39
17.9
38.93
15.23
18.47
37.46
16.59
8.92
19.96
21.7
44.23
53.66
46.64
36.04
48.41
58.2
41.04
46.12
45.24
29.7
45.32
43.61
41.14
45.55
50.51
38.93
57.73
39.25
41.77
58.48
39.84
43.42
40.81
41.96
57.45
57.89
61.54
43.23
48.18
43.47
39.99
57.52
46.6
51.99
40.56
46.93
55.5
34.94
53.67
41.16
51
56.62
43.87
30.84
47.79
51.44
49.39
50.76
47.36
72.05
50.99
59.9
52.27
36.62
41.77
48.45
51.03
15.42
50.08
57.89
54.02
23.38
39.44
32.2
109.44
61.66
48.23
55.62
50.69
41.48
101.41
78.67
86.37
51.12
41.31
37.04
61.83
23.34
30.76
61.3
46.53
31.2
20.25
38.01
39.44
48.45
43.62
50.3
48.09
31.75
60.9
24.91
37.07
50.03
55.05
40.77
26.85
65.62
39.83
31.91
21.57
24.82
35.81
64.02
49.89
15.56
15.34
26.14
44.91
48.97
18.64
33.77
38.88
33.55
48.8
50.27
51.17
47.42
29.16
50.78
37.03
48.76
47.9
52.28
47.13
46.6
56.7
48.17
44.64
54.42
36.14
53.11
65.19
36.72
44.91
50.74
53.68
48.09
44.64
49.2
55.46
39.23
69.49
65.03
55.13
63.28
40.8
55.96
45.08
76.4
59.37
37.27
109.84
59.71
46.71
42.05
49.34
43.37
73.47
58.96
55.26
54.87
53.66
54.43
48.91
45.62
45.17
49.87
31.68
30.33
22.52
52.59
42.95
94.4
51.68
36.93
77.52
49.84
60.3
44.45
43.6
74.92
52.5
50.87
49.35
29.11
50.82
19.14
44.81
54.19
49.29
56.36
52.76
50.36
35.73
36.62
37.02
36.81
15.17
45.6
46.32
40.02
38.98
48.29
44.83
54.39
57.07
17.8
19.51
45
64.03
15.89
14.83
11.25
24.73
24.67
49.37
55.19
25.28
44.6
35.49
38.88
46.37
53.6
51.45
57.56
36.58
54.08
60.72
52.7
142.16
138.09
50.49
44.11
45.65
47.7
47.81
42.17
38.22
54.99
48.71
49.24
52.97
50.93
50.41
41.68
52.35
48.88
45.97
44.28
55.79
74.14
59.39
65.47
63.17
58.76
59.69
53.71
52.19
29.65
64.94
53.46
56.95
95.11
38.82
41.54
55.46
63.44
47.06
46.9
45.55
38.24
55.41
49.29
55.85
53.87
51.53
40.51
38.79
49.97
62.4
39.23
77.41
43.26
65.81
28.77
58.93
88.65
76.81
45.55
45.12
56.08
56.91
52.71
46.81
16.13
13.07
52.62
46.69
42.14
48.37
43.92
35.41
38.6
31.14
37.44
14.74
17.9
42.6
44.72
43.16
43.78
13.25
43.1
53.21
34.06
51.85
36.87
39.04
17.16
33.69
21.8
18.22
20.42
15.75
41.25
42.43
15.57
15.27
22.66
43.31
21.41
30.19
50.74
58.25
48
44.43
43.8
52.74
45.99
81.1
94.64
44.76
39.79
41.64
44.98
32.09
44.06
46.51
45.12
42.87
57.96
56.71
62.77
62.17
79.8
64.79
48.37
47.09
49.27
63.38
44.91
56.56
43.98
50.89
45.94
50.28
39.27
59.14
41.34
41.24
46.93
52.43
46.98
62.16
43.7
46.97
42.76
45.99
55.01
57.25
49.71
39.59
44.06
44.08
48.27
53.45
44.97
15.67
37.74
43.47
30.19
60.91
37.6
52.39
37.4
43.5
41.32
38.82
48.23
45.74
30.49
80.94
47.06
18.99
28.54
50.96
55.22
95.64
41.81
54.42
50.22
63.19
34.27
55.62
52.59
45.37
44.26
51.05
40.12
57.65
66.36
59.81
27.11
36.7
43.5
48.49
42.72
15.79
51.75
47.67
20.25
28.85
39.63
45.82
19.53
19.2
23.49
21.6
18.19
26.13
55.58
28.23
39.57
44.02
54.09
49.09
43.43
43.92
57.22
65.54
47.47
50.59
38.91
47.76
59.86
49.72
46.86
62.29
46.45
71.09
122.54
39.96
68.71
42.87
48.71
52.03
58.32
50.89
69.85
34.4
51.15
78.44
43.97
47.21
66.86
88.11
50.84
59.58
33.19
52.04
46.15
41.04
36.66
43.16
48.75
73.66
64.29
89.03
46.09
43.2
57.87
54.32
52.12
41.05
82.32
29.04
35.94
45.09
47.7
42.96
29.47
44.67
92.35
62.29
60.89
56.65
54.35
51.08
111.61
25.85
47.07
35.88
37.17
56.44
48.09
38.44
49.17
40.75
46.21
31.37
50
51.39
50.84
38.11
46.7
29.43
11.15
46.97
38.43
49.29
46.73
37.14
51.7
45.45
20.56
23.51
19.67
29.13
23.18
46.98
27.21
47.4
44.57
20.55
48.48
22.59
22.03
46.69
43.31
41.34
40.68
44.54
44.72
47.79
33.74
41.82
44.87
57.04
44.62
46.82
100.2
41.29
51.14
43.38
50.66
52.22
66.89
40.14
50.4
45.04
45.99
46.92
54.61
51.84
53.83
49.43
59.62
48.97
43.82
94.86
86.81
68.08
68.51
47.55
47.08
49.98
46.88
45.16
35.66
32.35
39.04
45.89
52
48.88
56
40.83
46.69
40.53
48.73
40.98
43.8
7.77
34.53
45.7
43.77
56.85
36.23
35.38
56.43
57.12
105.56
58.89
45.85
41.71
46.7
53.02
42.95
33.29
28.65
49.51
11.16
43.28
71.12
43.55
51.45
48.31
33.65
35.96
47.14
10.22
46.17
46.19
52.71
16.63
39.97
26.88
29.81
59.07
67.27
9.41
24.45
18.91
18.49
35.67
42.64
28.62
29.27
46.17
10.11
15.62
33.96
46.18
38.89
39.38
50.71
52.1
47.51
50.34
38.21
32.95
45.18
49.3
46.08
40.4
63.37
40.76
43.58
52.27
54.02
106.45
83.95
45.82
39.82
44.56
42.22
47.16
47.8
65.95
57.43
58.96
58.13
57.5
44.65
53.77
51.25
46.99
48.17
41.03
191.83
61.93
26.02
53.66
44.36
52.1
62.65
43.19
85.73
62.74
53.85
35.67
47.34
53.73
83.48
58.55
46.02
55.55
56.03
61.78
41.54
57.7
45.68
42
38.48
59.53
50.3
53.37
60.47
45.06
43.42
26.18
21.56
37.35
73.32
76.08
33.87
38.89
87.39
41.83
36.64
29.71
41.46
14.86
18.86
44.26
47.59
41.07
36.9
48.93
38.05
57.39
55.2
55.47
22.31
18.48
35.09
59.25
15.96
45.26
18.34
32.48
41.94
13.46
16.53
24.12
25.66
15.89
21.18
30.48
56.82
58.84
48.55
65.2
45.6
43.38
38.74
47.76
56.29
48.82
55.9
55.34
49.14
50.15
57.68
51.87
48.66
128.17
44.37
42.91
49.21
51.77
56.07
42.56
50.67
57.98
48.41
44.46
47.61
49.44
62.16
40.77
53.25
40.13
44.66
55.01
97.53
61.18
76.19
80.18
44.01
47.09
40.91
33.42
56.62
52.31
55.36
43.81
61.34
51.44
38.17
45.19
49.93
41.47
42.4
44.97
35.5
18.06
41.11
53.2
58.32
45.69
35.72
29.5
30.7
42.21
49.27
51.12
48.02
44.58
35.01
64.49
50.73
58.55
40.98
37.24
37.19
16.93
43.95
47.44
29.09
48.95
30.76
29.89
25.56
20.91
26.71
41.12
41.67
34.67
46.54
38.08
54.34
17.8
38.94
38.76
26.54
52.08
22.57
16
37.14
21.34
17.71
61.17
23.9
18.56
16.43
22.06
38.22
46.05
25.4
44.05
23.63
48.07
50.56
51.88
50.31
56.47
49.3
52.68
46.92
74.43
86.56
40.25
42.08
56.76
44.67
32.72
66.42
42.15
50.79
49.99
50.5
63.05
52.13
45.47
66.97
42.48
50.39
42.23
48.34
57.44
46.86
51.93
48.68
53.16
37.87
45.92
35.97
33.46
51.82
48.48
48.49
44.02
53.02
51.67
48.82
53.51
55.56
43.28
40.09
47.37
47.84
42.9
35.83
40.4
30.77
44.48
34.72
15.99
27.96
53.6
51.1
57.47
47.1
48.85
44.16
37.74
49.3
46.47
53.12
53.5
43.16
36.18
51.07
63.87
23.66
15.07
41.98
38.93
33.46
55.83
31.43
47.65
28.32
22.48
45.43
44.21
34.19
50.58
58.2
38.25
32.41
52.59
58.56
51.5
21.49
29.69
44.51
14.2
16.57
17.4
21.95
52.94
23.19
43.21
24.8
46.65
40.81
52.86
44.12
46.15
60.91
49.11
38.4
36.48
41.71
43.95
34
45.5
51
41.3
31.13
45.88
48.4
52.96
42.6
57.87
45.41
44.45
51.11
50.6
63.99
52.76
59.38
43.58
71.76
43.55
37.7
44.25
45.13
50.8
43.62
34.24
78.85
31.34
49.2
45.59
53.42
54.31
43.54
50.62
49.37
39.48
46.46
39.16
43.98
57.57
59.25
75.76
55.81
33.9
47.39
48.36
62.07
43.85
46.01
45.89
52.42
36.12
32.17
40.22
48.12
36.28
50.71
37.26
45.36
42.02
53.29
39.99
38.34
45.44
33.22
21.73
33.22
41.1
35.17
183.76
54.28
45.54
53.05
42.99
52.56
45.24
53.96
41.51
53.7
52.33
26
17.48
40.92
41.99
49.91
9.22
17.04
19.8
22.04
21.87
22.59
51.42
54.51