125.94
141.09
121.62
151.15
147.16
130.44
139.32
134.35
43.23
103.29
65.29
69.76
104.14
85.26
79.15
156.09
64.09
67.3
68.16
85.81
55.23
66.94
155.71
154.42
33.49
86.86
76.85
84.94
1099.25
106.58
58.28
60.9
135.03
49.4
84.88
15.94
58.61
37.58
30.77
59.28
47.04
62.81
138.78
22.15
61.37
59.86
51.09
69.49
74.16
95.1
69.14
24.5
40.18
40.17
41.08
47.03
34.47
32.59
196.99
31.02
29.26
25.4
23.37
42.95
45.49
140.47
46.52
40.85
16.35
31.55
56.87
88.46
56.75
64.18
67.37
34.03
43.12
72.3
44.38
68.27
55.03
112.26
101.53
101.67
57.93
52.69
131.2
61.65
61.38
101.05
72.52
52.89
92.89
68.13
51.7
88.38
113.83
93.34
103.66
54.82
33.63
80.05
29.21
63.4
17.35
89.82
75.58
81.76
68.51
81.36
96.63
112.62
115.5
107.99
154.35
64.26
68.04
134.41
43
46.24
28.22
56.26
111.59
47.06
81.4
73.38
108.58
89.05
100.07
62.04
88.15
16.61
33.68
39.53
35.63
51.28
116.98
21.26
27.19
43.36
58.44
64.38
14.32
44.75
52.57
17.38
25.61
41.74
26.01
72.72
22.55
24.29
15.28
27.72
46.67
39.57
13.27
95.37
36.51
42.12
61.29
93.61
90.45
77.86
165.87
161.89
52.18
57.86
15.6
130.24
81.95
124.88
49.89
47.02
66.36
61.74
306.09
70.09
1082.25
73.17
73.26
86.61
97.18
43.23
78.74
83.47
52.17
40.94
83.31
142.89
74.84
112.12
92.95
98.54
48.22
51.64
42.74
38.07
39.93
38.45
40.84
36.84
46.34
40.56
44.77
59.68
46.18
49.38
118.12
48.71
47
41.06
46.15
51.77
71.7
95.66
132.1
103.02
41.22
48.74
59.64
73.87
83.47
109.81
102.95
119.2
51.14
179.67
64.09
37.54
22.37
39.77
39.47
40.38
74.66
25.66
121.96
113.99
41.72
149.27
73.71
86.79
230.91
206.72
131.45
83.32
42.34
82.18
89.46
57.03
44.54
276.63
89.05
58.43
78.08
64.31
118.81
134.44
142.73
152.34
159.57
82.33
19.2
54.14
249.34
288.22
65.53
70.32
59.05
44.13
52.53
65.88
96.71
45.98
84.62
60.87
47.66
58.97
87.67
82.32
86.69
134.81
89.76
52.96
35.17
105.56
86.1
91.44
162.54
123.08
21.56
33.64
111.32
37.73
171
143.2
27.22
32.35
41.54
31.43
61.79
46.32
39.81
31.57
35.05
26.01
109.37
26.43
30.41
37.5
31.13
31.21
118.82
57.24
81.63
90.7
112.13
92.43
89.11
147.82
130.59
162.62
182.01
202.41
31.32
83.43
49.1
40.92
69.78
42.49
35
99.89
25.74
57.15
41.06
36.45
54.61
36.14
46.75
38.6
93.54
91.25
35.83
73.77
98.9
140.07
41.44
63.47
107.06
118.55
131.6
152.49
120.42
125.39
170.8
145.66
43.79
85.11
161.39
87.56
209.99
77.17
61.21
57.37
41.86
113.17
40.53
66.71
37.76
118.36
25.59
148.57
139.24
133.68
110.56
71.79
66.3
149
462.35
33.42
58.68
27.47
81.39
29.86
98.53
87.01
75.78
131.25
62.2
39.13
49.19
56.88
45.88
58.41
121.46
163.47
30.5
49.55
237.16
122.61
52.67
24.47
53.28
36.11
46.83
41.92
27.01
42.19
46.88
19.61
80.91
49.41
34.44
55.66
53.27
51.81
68.13
70.55
88.49
45.52
82.25
34.75
76.63
108.27
108.68
154.99
81.26
87.53
59.68
27.33
31.46
65.63
121.05
31.78
36.57
97.57
122.9
42.95
146.95
142.99
143.57
125.44
147.32
235.62
47.84
22.65
51.4
29.22
48.19
23.05
71.04
50.91
31.05
33.53
71.34
53.37
31.62
72.61
57.69
32.65
256.23
20.34
61.23
21.42
85.19
54.31
60.43
68.03
90.68
158.09
109.13
61.96
173.4
14.26
39.18
20.27
61.02
16.08
58.25
135.87
20.79
27.36
91.2
58.21
46.8
70.31
102.28
120.4
305.15
29.52
111.43
121.54
57.66
81.13
43.8
38.29
49.7
56.58
38.92
83.53
63.19
81.78
84.63
43.18
41.19
54.42
47.1
43.12
44.74
46.21
41.09
54.22
89.88
123.53
32.16
125.55
111.35
111.59
142.34
39.71
146.63
50.02
144.9
67.73
164.66
184.68
142.73
72.87
159.56
24.2
46.82
82.65
65.8
21.47
81.32
80.33
88.61
70.28
83.65
126.8
82.82
99.08
110.27
59.65
62.7
120.45
120.82
143.95
150.89
222.59
133.86
73.03
297.56
22.63
17.35
42.28
56.45
103.11
101.04
39.35
128.19
134.76
65.63
1046.17
23.1
37.8
35.46
59.23
29.9
56.5
47.21
48.41
71.95
45.56
113.61
78.1
297.45
47.71
35.63
36.18
87.01
85.56
70.28
102.7
72.33
65.1
95.31
134.21
34.54
36.94
40.65
46.93
38.7
36.15
36.68
92.8
56.86
41.63
123.57
40.87
157.23
99.23
61.63
149.14
58.66
38.76
150.78
122.17
67.59
16.77
185.04
217.98
22.75
50.41
40.74
19.41
89.2
43
45.99
28.25
20.5
45.17
48.07
30.36
31.52
15.17
27.36
103.29
1063.81
31.49
91.3
16.65
66.73
80.88
57.74
68.2
91.87
77.02
76.83
86.03
55.56
71.82
73.15
55.56
30.3
89
72.72
60.17
62.31
112.21
105.51
186.31
19.86
18.78
42.05
80.54
35.79
44.75
67.41
55.01
53.71
43.4
61.88
69.41
136.68
85.87
88.7
81.2
51.85
32.56
31.63
64.57
34
64.18
68.46
74.63
86.65
37.37
33.98
21.39
47.36
51.92
35.26
28.67
95.3
58.13
51.47
83.95
78.47
88.74
59.38
35.56
39.12
48.29
32.08
19.13
16.1
42.45
38.05
26.79
48.41
43.99
56.7
51.91
41.22
71.6
43.4
101.2
92.85
38.97
55.89
29.08
28.05
37.31
57.38
40.35
50.05
40.16
59.26
56.62
108.15
35.91
127.71
149.08
50.17
110.99
86.03
94.58
104.05
154.8
117.15
75.72
197.76
164.58
222.98
29.28
178.54
263.19
24.59
30.46
66.46
35.01
53.79
63.19
43.36
112.57
137.47
134.3
102.58
100.48
85.87
34.63
101.2
113.35
101.17
120.89
125.27
46.13
139
57.72
163.14
53.35
124.19
173.28
316.77
236.17
133.74
30.12
16.6
19.13
23.46
49.83
31.91
70.33
47.99
21.67
34.96
45.38
103.54
81.76
318
43.45
15.14
46.75
48.84
48.72
49.02
28.56
39.72
39.23
32.19
41.87
83.27
92.71
32.4
87.76
62.65
77.55
80.54
78.49
77.63
97.45
121.04
92.31
143.91
32.11
94.26
86.31
75.64
74.53
36.22
62.23
139.42
155.68
160.69
14.03
53.55
28.27
48.87
87.88
30.87
74.58
136.95
79.6
39.54
30.21
64.11
47.59
107.08
88.37
149.03
152.83
105.06
84.92
26.05
23.58
34.12
37.91
36.79
38.94
57.16
26.12
42.13
100.8
71.77
53.97
90.21
110.76
88.23
121.96
128.22
106.83
112.81
72.24
87.36
127.81
79.45
143.59
59.06
63.21
84.23
224.13
104.13
46.05
54.28
47.89
48.74
65.23
45.48
101.1
119.39
75.36
14.73
20
40.23
83.7
81.9
52.85
49.02
49.85
19.5
101.73
41.93
34.36
45.82
27.36
51.11
49.25
63.71
41.61
39.88
31.87
37.78
36.2
80.48
50.98
58.88
43.96
54.65
41.17
38.27
48.02
40.84
54.25
70.53
81.21
82.44
69.83
50.43
47.5
89.53
129.23
109.42
88.28
163.22
85.53
99.12
135.14
26.2
112.39
119.19
56.26
70.63
25.29
88.81
179.74
139.95
137.51
178.18
80.31
154.3
174.65
106.4
67.38
265.02
52.99
31.84
23.21
54.03
51.01
78.15
93.5
68.02
51.12
42.81
50.43
48.61
50.31
48.58
77.16
22.27
48.17
101.43
70.66
98.32
263.84
13.02
36.39
14.65
32.81
54.27
44.83
45.96
16.53
51.13
92.89
84.71
323.37
51.43
105.31
65.9
26.95
21.9
36.21
36.4
17.18
24.79
41.27
42.61
48.05
40.13
59.72
46.69
55.77
23.37
47.64
53.3
109.26
75.09
65.56
147.72
55.54
119.87
53.85
63.09
30.22
55.86
50.59
21.12
53.46
201.68
158.98
160.81
86.2
173.06
89.04
40.08
93.43
107.8
34.64
47.29
58.74
46.36
106.53
73.76
45.74
34.85
57.68
49.19
91.93
62.31
105.75
24.52
171.52
101.36
54.56
68.67
75.44
54.35
68.96
20.51
62.4
63.18
44.82
91.9
29.42
38.68
73.31
62.57
85.36
72.34
88.9
94.72
153.54
142.97
64.79
50.83
131.09
50.19
124.67
67.82
92.45
155.13
97.12
24.48
31.54
23.91
77.59
63.51
90.54
116.99
44.64
40.42
50.53
49.25
43.87
41.99
30.36
38.51
43.35
45.06
34.93
76.99
21.57
45.78
59.17
48.19
44.08
52.55
87.03
45.77
81.23
89.31
85.2
135.75
128.37
86.33
123.13
36.56
158.3
112.7
130.74
47.82
59.44
100.77
30.65
98.42
60.94
19.46
87.91
94.12
100.56
36.1
152.48
27.88
52.19
195.04
219.44
51.26
63.63
82.81
101.64
98.12
57.53
86.28
76.9
29.03
86.56
35.98
239.55
89.02
121.3
102.88
161.25
50.89
114.19
172.8
60.53
87.16
178.39
115.94
210.78
87.24
440.14
21.15
36.72
18.84
39.42
23.17
44.97
83.53
43.89
39.72
30.47
78.04
262.45
33.31
39.84
36.86
44.22
44.52
67.52
82.55
73.38
26.95
26.83
41.27
59.26
55.35
99.54
54.59
82.37
101.8
82.57
84.37
28.59
50.33
73.19
42.27
92.33
131.76
69.65
69.34
99.72
94.09
38.45
181.26
122.81
152.52
139.61
27.5
44.36
43.01
93.78
65.87
48.39
41.44
17.45
96.13
18.39
39.63
62.43
48.23
74.24
40.22
37.9
32.2
71.85
28.13
84.18
110.13
27.18
85.06
41.02
34.05
93.4
100.16
108.76
88.94
76.85
54.83
136.55
113.42
80.74
100.44
43.33
136.13
77.75
80.42
41
46.46
37.79
95.47
53.78
84.83
60.03
47.73
46.77
112.8
60.83
38.48
74.75
27.12
57.2
46.17
51.69
40.39
28.91
99.1
24.04
27.27
55.28
40.65
32.17
43.67
93.42
39
33.11
40.58
27.05
50.9
33.2
26.84
67.5
30.18
97.25
126.88
72.8
24.57
81.76
120.28
66.88
69.36
59.28
99.77
137.82
127.66
89.25
146.17
109.88
84.4
104.49
71.02
90.56
62.55
97.96
97.99
120.42
42.34
43.92
65.67
48.42
43.62
43.41
142.93
113.72
32.84
51.73
89.57
75.76
107.58
95.16
90.33
73.34
88.46
22.36
115.11
75.67
48.4
56.1
41.92
71.81
101.35
128.78
92.88
145.91
30.19
156.93
135.47
24.14
162.17
45.44
33.2
42.75
216.39
20.66
26.81
47.71
30.13
27.19
69.34
57.65
36.5
54.15
15.47
32.94
25.92
38.25
27.76
57.17
42.97
30.13
65.47
82.28
43.36
21.16
41.02
26.1
34.56
15.25
22.55
19.36
42.64
44.18
42.3
48.39
49.98
86.45
80.79
87.53
89.23
41.22
43.8
23.1
43.38
105.56
83.99
43.05
14.95
137.75
59.95
61.26
106.57
40.1
28.29
136.97
113.8
183.78
198.9
203.83
56.35
25.54
96.05
80.55
48.04
77.34
17.26
64.87
88.44
31.03
49.27
21.72
31.17
36.38
96.45
50.75
131.03
29.47
41.61
37.5
38.93
71.87
29.86
55.13
64.3
48.51
16.53
84.71
69.98
20.85
79.83
43.33
72.61
103.24
70.28
105.14
39.46
86.56
93.2
172.78
40.87
106.89
52.22
57.22
77.82
73.27
30.21
94.73
62.89
75.69
72.81
59.31
72.69
83.78
61.22
41.72
26.55
17.68
64.07
70.94
72.04
84.62
38.43
72.97
41.29
38.56
24.39
32.26
24.66
33.87
45.52
30.7
32.68
39.67
33.63
48.53
42.84
37.67
32.57
16.18
39.51
18.78
40.72
36.57
48.26
57.41
80.86
66.29
93.52
93.3
86.85
113.08
120.67
46.93
63
55.29
153.57
51.36
136.98
102.23
119.75
104.85
145.77
105.78
67.49
32.97
90.1
1127.45
168.07
159.45
132.18
120.97
39
74.34
113.3
155.02
86.13
178.57
97.72
43.13
73.42
249.23
59.91
45.1
59.04
101.76
87.65
90.48
77.77
60.52
149.22
31.58
252.15
27.78
19.94
50.04
45.33
54.21
104.54
67.45
61.71
83.79
150.32
60.66
66.24
57.98
22.94
23.58
30.85
31.74
30.7
49.45
15.92
26.65
59.14
63.65
34.71
73.92
67.6
212.81
20.74
69.15
86.83
64.74
64.83
87.51
120.99
51.64
46.04
84.16
100.58
81.07
46.35
73.83
79.73
140.11
130.69
30.52
38.42
122.7
47.02
93.2
144.03
84.47
40.45
94.02
48.88
135.5
78.06
145.27
21.54
49.71
16.76
77.72
54.96
91.83
51.29
79.99
44.91
62.48
33.38
44.25
57.29
42.83
64.85
35.35
159.22
38.18
103.59
65.36
59.62
53.77
37.27
18.2
34.66
34.73
47.87
57.62
91.73
114.46
99.28
137.81
20.89
58.11
35.22
66.05
39.4
123.48
100.06
81.03
64.39
84.45
175.74
36.27
1030.95
81.15
47.3
61.68
70.7
81.65
103.72
89.59
45.73
54.68
25.93
86.86
48.32
32.93
28.42
33.18
37.61
38.76
43.4
36.63
33.26
75.24
42.49
36.77
27.3
36.75
47.88
43.51
96.25
87.32
32.82
36.07
38.46
52.29
53.24
26.53
47.15
56.15
47.9
43.74
71.96
13.94
45.1
83.34
111.94
112.58
129.99
101.21
52.64
104.22
140.17
88.08
100.94
86.18
54.64
120.28
54.7
128.08
124.7
56.04
52.69
115.28
150.54
105.97
1101.59
106.17
38.27
122.63
39.41
126.28
59.37
106.12
75.45
106.58
99.81
163.79
90.32
143.57
61.44
39.02
110.01
38.5
70.03
76.83
115.29
168.22
269.58
46.72
64.03
46.66
21.56
51.83
37.69
60.98
78.83
31.41
54.47
17.17
1170.89
18.83
31.69
43.39
54.27
33.49
38.92
50.3
35.58
47.75
36.22
58.44
61.16
57.84
233.38
1048.95
54.16
64.21
56.15
70.09
70.62
71.84
63.95
56.63
84.43
58.39
97.43
68.43
115.02
32.15
76.87
65.99
65.13
88.92
86.93
67.75
46.95
84.25
79.04
92.17
27.55
51.23
101.64
114.47
19.58
57.02
68.2
19.58
63.08
54.98
43.02
45.56
108.94
120.18
50.69
105.06
69.83
72.87
19.02
29.21
66.49
34.08
52.64
39.69
23.38
142.63
45.1
115.24
117.26
142.67
105.93
127.05
58.36
27.18
57.16
24.06
166.1
42.12
152.08
22.47
55.39
74.37
57.73
52.79
58.73
53.06
20.69
129.72
50.49
74.5
47.08
30.52
52.53
54.4
76.52
53.76
111.91
73.57
28.99
72.96
45.08
36.69
27.09
19.97
19.71
47.12
47.93
40.9
39.2
33.88
41.76
60.06
41.74
46.01
66.99
54.86
36.94
34.16
43.12
41.36
28.81
45.88
82.58
79.59
51.61
60.18
71.4
91.23
26.41
149.96
129.77
112.55
82.94
81.47
138.94
70.73
25.76
59.22
71.66
126.87
116.23
111.8
118.42
113.89
147.73
84.9
63.11
39.62
82.9
179.1
147.73
187.48
152.82
71.3
73.94
14.78
82.32
55.64
153.85
99.04
311.23
33.07
15.17
36.05
33.87
43.42
88.42
36
60.2
80.38
269.5
23.23
58.46
39.27
16.53
30.5
75.01
44.52
113.57
68.51
39.73
138.73
140.99
59.69
21.42
45.13
16.49
19.64
50.28
29.98
20.96
34.83
41.06
22.13
22.92
36.72
35.52
30.51
15.62
32.37
32.43
14.83
28.57
16.84
94.77
57.35
74.95
111.84
42.2
108.14
97.71
94.02
52.75
38.08
49.13
93.03
93.74
292.83
250.3
25.45
20.26
89.38
41.98
80.87
26.14
109.32
75.38
116.31
161.15
150.12
97.14
169.69
282.75
48.03
42.3
83.09
53.65
107.58
97.06
125.04
60.59
57.31
47.58
23.28
73.13
45.59
39.42
53.22
71.17
61.69
110.76
103.04
50.1
38.74
35.42
45.71
52.74
47.39
37
36.56
36.95
46.48
23.25
35.81
45.6
19.8
50.63
65.57
64.12
62.95
48.11
80.28
111.24
172.65
114.8
140.64
36.01
117.12
78.68
64.78
46.2
119.85
81.54
55.45
66.4
26.83
52.25
64.03
61.06
36.11
38.07
30.71
43.13
45.11
41.87
57.33
26.02
44.31
49.95
47.44
66.88
44.84
65.52
47.29
41.85
107.62
37.98
48.12
30.74
37.12
35.67
44.24
84.6
58.56
84.5
115.87
73.35
58.77
47.09
100.08
40.77
141.64
56.86
107.64
84.03
37.57
117.76
118.6
101.72
102.15
115.78
53.03
103.9
52.44
35.13
64.48
156.94
51.75
114.12
66.77
123.15
111.12
100.78
71.44
135.11
60.16
27.99
123.75
80.88
97.61
97.59
93.54
112.56
48.97
121.51
50.41
137.79
174.39
140.06
266.72
79.67
54.07
20.13
11.97
16.34
21.34
19.05
29.22
156.98
25.89
49.74
47.85
31.12
37.01
14.15
21.69
24.33
13.01
30.81
22.72
12.33
36.65
13.57
45.89
21.99
84.83
71.27
75.26
42.07
58.77
68.96
88.23
67.08
114.81
15.64
30.31
89.71
99.61
67.16
132.76
67.13
74.57
175.66
78.41
83.51
32.35
21.34
30.55
58.95
56.64
30.14
112.32
82.73
110.27
122.23
109.05
174.22
29.15
21.92
61.73
51.29
92.64
108.95
49.59
27.38
51.08
105.84
131.49
59.47
111.58
110.56
23.88
12.62
75.54
43.28
55.52
71.45
23.76
21.94
23.73
115.28
110.76
149.75
50.87
35.15
127.43
95.62
101.97
32.89
90.83
53.47
85.48
84.41
44.27
35.96
109.1
209.28
36.93
46.93
38.08
45
54.84
52.54
21.91
64.95
64.59
75.63
74.34
59.85
30.67
14.38
34.18
36.34
64.27
50.53
56.97
46.82
24.66
61.58
33.44
42.57
48.78
32.46
29.35
44.56
48.37
39.68
35.58
43.59
21.04
39.58
37.32
49.03
32.8
58.28
39.72
21.21
77.57
101.96
112.83
36.38
110.34
113.21
48.01
128.34
57.14
96.86
92.53
138.77
107.8
124.79
43.5
46.84
168.77
82.97
222.3
40.64
26.73
23.5
31.61
23.03
42.48
49.08
37.93
51.79
95.01
109.17
74.13
77.85
109.79
92.94
36.69
43.48
81.46
75.57
91.17
101.71
124.49
73.23
74.16
130.15
67.04
39.01
39.08
33.09
30.41
43.84
53.54
99.67
108.87
101.86
71.53
64.88
30.56
331.98
30.5
59.76
50.91
54.55
45.19
102.82
91.35
104.67
12.89
203.55
57.11
11.75
11.65
48.54
42.16
23.79
14.41
17.47
32.91
27.61
52.59
22.96
28.91
36.79
52.61
70.49
60.1
19.82
40.03
59.96
64.31
62.01
38.43
22.02
89.86
59.52
37.77
40.41
77.94
58.72
48.92
142.89
49.52
44.1
113.34
197
123.04
64.69
23.72
62.51
151.06
212.82
80.76
234.26
222.46
32.74
16.34
15.7
59.02
35.11
44.31
38.82
39.53
35.6
34.28
44.92
38.05
39.68
52.28
21.1
92.09
75.76
60.5
77.95
30.98
89.99
44.28
90.59
171.02
40.66
59.16
15.02
56.25
76.08
74.81
34.95
96.85
60.04
130.65
65.44
62.39
87.9
49.94
58.35
71.17
55.26
99.14
65.74
99.78
123.68
70.25
82.5
35.69
75.12
37.27
58.25
34.97
87.49
59.97
81.12
99.46
65.33
80.04
33.55
28.6
46.94
45.79
91.22
30.15
35.8
27.84
35.85
46.91
43.86
33.93
46.03
40.92
56.14
36.58
30.96
47.58
37.64
26.91
38.79
47.96
46.67
36.38
110.78
50.15
145
149.73
97.72
60.88
146.11
86.63
124.06
78.91
69.1
93.87
127.59
63.54
157.87
43.52
160.08
160.33
65.21
191.4
177.17
44.85
80.67
61.27
67.17
52.34
122.08
76.59
22.65
49.55
141.8
426.59
99.8
80.01
54.84
1083.05
27.8
1055.57
52.01
82.13
90.51
88.12
66.16
129.62
49.03
157.43
52.02
103.92
61.66
23.23
82.98
19.51
41.17
26.21
44.34
27.54
58.8
65.28
29.7
79.7
97.68
50.76
35.7
35.58
52.35
41.76
293.38
45.17
19.17
13.86
26.74
14.3
72.47
32.1
25.74
15.51
16.54
66.98
19.32
47.22
60.96
67.03
68.43
73.82
73.72
48.88
68.26
68.99
75.32
85.38
80.65
82.77
60.95
73.82
112.61
18.57
32.27
36.96
34.63
95.92
37.43
69.08
22.8
112.32
47.87
27
64.54
146.43
44.25
134.02
87.39
91.32
49.54
191.55
42.45
146.59
74.05
186.24
43.1
28.36
30.48
54.37
45.71
39.63
49.75
50.88
19.17
32.85
104.3
48.72
32.56
1055.6
77.85
40.96
29.49
105.2
90.17
76.04
93.5
45.04
37.99
39.08
48.05
63.5
30.78
95.14
26.59
70.46
45.24
69.98
51.46
44.69
43.89
43.83
57.85
75.15
56.73
57.82
114.34
166.33
91.92
68.56
58.75
36.98
42.67
40.85
41.05
36.1
198.31
38.05
39.08
64.3
58.7
40.54
45.21
42.33
47.07
86.25
40.74
49.91
33.86
31.28
28.47
35.24
33.32
34.54
69.41
38.91
30.8
35.31
120.3
68.87
29.79
37.95
21.55
31.98
13.69
37.2
66.28
40.28
43.18
36.3
99.4
87.79
70.45
44.31
55.69
83.61
2080.23
79.26
109.96
108.95
125.86
110.62
47.95
105.42
36.44
167.58
62.46
22.29
143.73
88.58
95.5
122.06
244.69
74.24
55.36
81.43
89.19
75.52
130.22
103.69
34.96
95.34
81.68
53.85
61.83
143.66
101.6
118.92
62.47
138.65
46.74
49.11
84.58
31.73
28.51
281.25
191.91
243.81
38.61
43.87
38.99
39.5
30.66
43.82
36.87
46.22
28.43
132.85
250.7
36.46
38.84
30.85
35.18
14.26
13.18
23.82
16.95
27.63
18.81
29.78
14.37
34.13
29.61
32.53
54.68
21.48
14.25
25.84
46.63
41.05
14.85
40.19
49.55
35.89
37.83
79.43
36.63
49.4
63.66
132.29
238.44
39.66
33.07
54.96
80.66
33.54
50.39
33.28
43.97
33.95
38.98
39.13
32.51
56.01
69.72
64.5
44.61
89.89
69.4
113.54
105.98
67.55
92.6
50.11
47.92
70.84
80.55
69.05
155.52
183.22
123.83
136.59
68.05
52.05
100.97
147.92
34.73
71.84
26.99
47.15
64.12
43.08
107.49
47.98
50.52
124.47
70.02
61.67
104.07
52.81
61.69
57.57
30.51
35.79
20.4
43.97
42.39
24.54
66.01
25.8
45.43
47.86
40.19
68.12
42.49
76.03
92.11
68.84
132.2
74.09
52.67
163.21
70.2
67.2
19.73
61.84
41.45
95.38
58.49
25.19
20.17
40.7
24.22
82.73
57.75
34.41
47.17
69.56
39.97
33.81
37.6
32.92
30.3
41.89
43.77
28.31
29.6
23.22
42.48
36.69
23.88
39.78
39.83
74.05
52.15
65.39
59.59
66.19
30.95
54.46
83.28
40.66
67.18
50.68
98.31
82.58
75.56
176.69
118.82
148.77
102.42
60.84
95.85
69.86
83.94
24.23
34.91
35.81
100.4
123.06
119.32
33.49
99.45
147.89
160.72
23.09
51.79
35.6
38.65
35.18
41.86
79.88
75.35
44.32
40.93
86.8
56.7
67.05
88.06
69.15
97.15
95.31
24.45
34.7
123.18
128.74
130.63
131.47
144.01
176.46
133.85
32.79
28.98
145.74
29.9
31.57
53.13
54.65
35.95
44.81
61.42
54.67
80.71
48.11
48.74
46.64
57.28
118
50.7
136.84
101.05
21.28
60.18
50.1
71.32
19.64
73.41
72.72
80.17
69.21
52.72
113.82
61.1
105.95
45.59
150.78
49.65
65.18
74.69
141.98
82.67
121.86
87.82
136.76
200.85
80.95
31.7
39.17
97.91
54.54
97.53
70.63
65.53
51.64
61.32
70.9
83.38
53.5
57.82
94.26
52.11
48.13
41.83
29.28
25.75
47.93
16.45
73.14
14.24
103.33
40.42
44.72
74.08
50.96
73.26
67.86
117.04
60.99
94.7
80.21
98.9
51.66
103.94
85.22
112.75
136.11
89.22
16.25
30.53
69.62
71.03
38
53.23
67.35
70.78
71.81
1036.9
28.47
35.15
47.37
39.1
21.29
31
33.15
32.03
30.47
51.75
45.04
59
33.04
43.55
30.26
53.77
33.08
49.51
40.42
35.13
39.14
78.09
68.38
46.04
107.52
148.05
103.96
114.65
32.77
98.04
79.81
30.05
162.28
18.43
105.33
140.77
160.56
112.13
146.33
45.93
54.86
98.13
132.14
35.95
55.13
77.41
25.23
36.16
64.52
32.86
113.28
100.88
24.14
91.77
169.26
101.82
147.13
53.04
92.62
84.55
58.25
83.2
114.01
40.88
117.4
37.47
168.48
170.95
141.61
59.13
31.44
41.32
35.12
53.28
132.01
16.21
25.31
48.48
56.91
55.51
79.84
37.1
155.59
132.02
16.63
113.64
61.7
21.76
30.04
21.84
21.99
21.81
15.49
27.82
80.84
196.47
47.98
42.7
26.48
15.23
21.37
19.88
22.39
38.93
63.01
38.97
59.15
68.86
44.23
62.46
25.68
76.44
79.96
68.19
87.99
79.61
93.08
122.66
97.13
164.7
164.77
53.45
33.16
14.27
24.86
29.07
108.96
68.83
71.31
32.67
113.75
49.58
47.3
104.96
53.71
112.75
58.05
136.73
21.64
27.98
24.54
66.33
41.42
93.72
40.69
43.38
64.7
44.69
45.95
52.41
60
39.97
51.69
65.02
70.01
29.19
53.95
100.09
92.45
33.76
38.45
53.26
57.58
33.58
48.26
57.51
48.52
90.18
54.52
74.86
79.19
68.28
164.07
110.87
201.39
27.47
35.02
36.19
43.36
50.62
42.34
74.59
95.14
34.23
15.18
35.74
34.79
49.42
96.62
89.93
46.55
26.52
43.01
41.36
34.93
31.59
42.16
26.8
26.65
27.08
32.65
40.44
37.75
60.26
54.89
91.12
34.36
17.67
32.6
55.32
55.37
29
69.02
99.18
58.15
28.98
23.44
37.83
41.74
32.06
18.42
45.14
28.16
49.73
86.51
57.6
72.09
137.41
27.89
123.1
66.43
107.94
172.38
54.79
123.54
42.05
73.17
27.34
70.66
51.61
83.7
75.51
45.94
118.54
112.66
63.86
89.98
57.26
68.58
65.73
88.81
61.86
86.05
67.05
87.91
96.57
46.27
48.75
150.89
69.43
113.88
84.39
95.94
81.5
66.46
35.31
59.89
30.63
197.43
223.5
23.39
20.94
27.36
30.78
33.11
44.58
59.74
15.87
39.49
79.98
38.35
36.65
16.2
216.52
37.18
90.82
60.71
54.39
39.14
69.72
35.64
40.26
59.45
43.48
93.84
75.64
68.61
140.78
71.56
32.54
66.03
70.8
35.15
15.75
57.41
46.02
64.15
30.27
102.15
110.19
15.74
117.14
16.88
82.23
96.23
31.41
81.74
108.56
38.82
52.27
49.48
21.44
30.86
73.2
96.9
34.82
38.07
71.51
67.04
51.8
41.09
57.17
79.01
28.41
141.02
25.93
85.56
46.84
29.44
110.22
40.83
123.78
84.52
86.63
36.63
103.93
91.7
112.95
36.39
83.86
162.25
18.03
20.07
35.43
13.47
25.19
21.33
27.16
44.21
47.49
42.25
29.98
22.72
32.14
44.66
27.13
41.87
43.41
45.59
37.06
24.92
46.24
36.37
30.25
53.16
47.62
64.22
55.05
45.58
42.7
53.61
51.44
36.27
63.5
58.55
28.69
60.61
45.42
85.19
84.9
49.16
103.54
15.26
98.71
113.94
119.26
55.33
140.34
60.92
129.27
103.36
147.26
87.58
139.76
151.69
44.92
31.26
95.3
21.56
41.05
27.47
15.68
56.06
29.16
60.62
45.16
44.2
36.26
48.15
53.48
155.11
75.1
83.33
82.28
83.61
90.75
45.47
149.76
137.21
118.34
132.17
30.66
41.19
35.99
166.9
140.11
133.95
67.57
19.41
54.12
33.43
46.52
63.04
46.95
217.44
21.67
43.76
257.26
100.15
208.95
23.07
35.12
1032.87
26.87
32.2
23.31
25.01
21.33
49.18
54.57
43.09
168.15
119.44
90.9
46.11
50.28
103.22
44.34
73.84
46.26
106.77
93.81
142.29
72.73
59.39
81.1
59.83
101.6
121.24
91.51
114.79
75.61
105.72
13.68
12.74
12.74
16.96
52.24
48.16
20.92
61.6
45.52
48.58
40.13
52.93
83.47
33.96
71.36
56.46
61
52.74
29.56
35.45
139.39
32.45
23.5
28.27
26.59
37.43
30.76
44.12
63.51
80.15
32.53
76.87
30.46
108.12
119.92
35.96
74.15
94.21
115.51
40.39
91.32
109.77
57.48
73.77
79.82
59.52
68.7
54.52
48.72
67.04
68
94.98
44.89
33.51
62.57
55.59
43.86
130.33
62.5
100.25
50.7
22.17
22.11
35.3
31.3
36.52
30.95
61.11
85.42
65.32
47.15
40.3
38
46.39
69.73
74.85
46.59
44.54
48.53
54.86
55.9
56.12
55.66
63.94
34.69
39.55
27.88
73
77.07
84.17
20.99
34.25
49.62
45.03
61.51
28.76
45.04
61.46
45.1
36.35
98.21
77.54
91.04
109.64
133.72
134.33
97.82
69.98
115.53
97.59
129.45
67.49
63.43
103.76
61.88
32.91
116.4
103.73
22.11
53.29
139.33
57.35
76.01
65.3
95.2
41.92
31.02
115.19
43.83
52.1
91.38
162.15
54.9
97.65
104.5
83.42
160.04
34.56
148.95
104.81
27.72
174.07
65.04
127.83
100.65
291.49
225.9
24.84
36.86
35
43.1
31.82
65.02
26.38
34.34
15.99
242.92
1042.63
53.44
20.3
53.43
18.82
45.34
31.38
49.06
39.68
59.25
25.03
76.99
68.7
91.69
60.47
19.36
20.39
44.01
51.08
65.24
43.37
35.62
122.94
64.1
74.48
77.74
20.68
36.31
36.2
34.47
79.43
61.43
64.29
99.75
61.68
56.28
122.89
67.39
58.99
92.42
42.75
51.13
60.63
60.95
83.28
57.43
96.06
53.56
104.83
86.88
34.97
91.33
53.93
97.16
105.34
79.23
37.24
87.05
65.12
56.45
105.89
30.21
72.29
92.94
1059.72
59.99
123.32
54.51
50.13
116.49
85.09
119.35
61.78
127.04
82.53
103.21
116.01
83.72
103.76
66.28
76.13
130.9
98.51
47.63
52.13
92.1
61.6
125.18
71.85
86.16
63.29
50.73
38.32
20.98
35.07
47.26
49.98
75.49
50.94
71.29
45.33
27.71
51.76
32.89
37.98
54.6
24.46
33.02
34.1
29.02
46.04
18.04
56.27
58.61
24.72
56.67
82.96
40.81
49.69
19.78
32.46
40.11
27.91
24.25
29.68
30.2
26.93
29.14
36.2
108.69
143.49
80.81
66.19
116.81
165.8
82.89
164.01
90.37
75.26
66.64
26.69
132.63
63.39
43.36
171.81
82.93
209.25
76.66
114.1
87.71
19.78
54.58
78.44
62.07
97.9
14.49
101.48
38.53
50.42
145.73
25.4
123.2
114.48
59.58
131.02
180.75
85.91
138.57
20.75
34.38
33.21
76.07
69.46
46.31
110.84
93.7
190.49
26.12
110.07
226.5
24.9
23.83
20.21
25.05
35.81
17.31
64.35
65.5
35.4
36.36
53.54
66.24
22.9
37.51
64.91
21.76
27.1
31.65
55.28
61.07
59.69
37.69
35.7
75.16
49.25
72.33
37.66
84.7
76.72
69.48
15.75
22.57
77.42
77.85
97.84
86.37
73.77
53.95
90.09
66.21
114.11
64.31
70.06
75.47
87.73
41.66
104.18
49.69
39.62
21.77
55.79
100.29
52.15
16.33
51.49
41.83
50.58
152.02
95.62
59.69
67.03
46.98
39.78
66.76
54.74
40.69
51.34
18.97
97.48
77.68
37.49
54.75
132.46
34.62
21.66
66
123.16
62.54
22.03
58.34
53.01
13.17
42.45
89.8
93.98
73.65
163.23
41.71
84.51
163.83
55.2
84.42
37.18
66.91
40.66
44.37
64.25
87.86
83.9
76.67
67.59
100.73
15.24
12.36
44.94
88.18
19.27
46.33
40.25
13.2
20.86
15.18
31.7
18.74
12.19
13.23
34.75
48.39
36.79
44.35
45.79
75.45
42.7
63.88
27.05
36.32
35.58
29.6
35.08
43.83
74.61
67.41
24.98
28.31
40.88
53.04
86.17
63
72.14
42.91
96.81
101.7
131.85
34.75
20.43
193.98
51.44
57.64
88.09
152.51
39.76
55.35
162.96
147.75
170.42
141.62
181.75
41.72
69.43
161.06
170.69
118.8
83.86
26.9
185.23
137.09
25.93
76.75
72.59
41.19
77.69
28.68
38.96
101.49
80.13
111.1
103.69
83.51
41.35
102.38
16.76
23.6
114.4
14.39
58.09
36.38
172.49
45.75
72.47
35.27
41.66
59.05
35.14
40.86
52.65
76.07
101.72
25
50.18
78.4
40.7
31.46
41.06
27.7
29.21
50.79
83.23
29.02
40.33
21.72
58.54
23.61
20.63
33.11
16.68
52.51
47.39
132.15
69.4
57.33
70.04
77.76
135.31
33.11
23.92
14.33
22.11
51.4
57.47
41.9
18.07
134.35
69.07
24.72
92.2
78.28
85.33
55.97
68.81
28.51
30.32
61.3
119.47
149.01
48.19
44.61
37.63
154.3
82.4
97.82
62.64
88.86
53.84
121.85
115.04
91.07
101.66
146.5
50.82
118.78
60.42
52.63
95.88
161.14
60.57
42.22
39.16
88.13
50.92
44.32
34.93
41.4
78.88
56.02
51.35
21.18
38
62.4
89.57
19.61
53.5
39.48
48.62
65.23
36.62
75.71
109.95
54.52
97.23
1032.53
125.98
14.78
40.01
44.74
59.16
48.47
78.5
57.86
107.47
37.35
94.09
61.52
42.23
27.11
40.86
33.03
45.38
56.43
37.01
78.02
34.05
33.08
33.94
18.01
38.64
16.09
28.58
46.03
25.07
39.83
38.11
44.44
74.46
36.22
86.22
49.14
125.44
58.2
57.56
55.24
81.13
33.87
85.6
112.86
59.57
117.25
161.18
148.21
42.89
36.49
80.16
42.96
122.21
111.62
89.99
195.59
185.73
76.25
39.94
1066.08
23.95
80.53
69.63
116.62
56.06
51.07
84.05
99.92
61.25
51.32
136.45
30.44
71.94
83.17
93.15
50.2
108.5
51.83
24.27
83.91
81.77
138.29
26.63
13.78
118.97
162.82
116.14
14.29
41.97
171.49
290.42
192.6
30.28
52.16
40.77
24.12
32.03
43.18
213.94
12.36
22.67
38.95
27.91
32.07
29.34
47.06
65.85
53.97
25.99
69.25
72.48
58.36
80.29
15.27
36.23
44.99
52.4
33.99
73.22
76.33
40.43
43.52
69.31
13.66
54.88
91.71
76.2
111.22
102.35
88.04
139.75
169.34
148.42
45.33
1076.15
23.37
16.9
56.44
71.35
20.21
55.22
39.68
49.04
25.69
68.5
49.56
33.22
64.04
78.1
70.66
42.63
32.41
68.79
21.21
110.03
33.83
27.39
65.42
68.93
61.84
45.05
119.95
94.48
50.89
141.48
91.69
120.66
72.68
59.04
44.05
22.5
47.41
76.76
50.49
73.89
90.03
46.09
75.78
60.79
30.2
102.59
136.51
69.94
176.12
54.92
37.84
54.79
106.95
46.78
61.48
1117.11
35.57
79.74
20.64
62.18
73.03
71.15
45.46
98.35
69.45
52.27
40.68
34.16
44.43
37.41
29.67
16.28
24.06
32.14
51.45
30.66
24.76
21.08
38.78
40.55
29.21
71.46
36.73
45.43
33.97
45.25
70.18
38.67
41.25
89.91
99.44
81.85
62.86
66.09
123.16
62.06
59.55
65.48
61.79
48.43
69.13
41.25
53.95
94.38
66.18
46.64
75.31
42.43
29.11
56.01
126.51
77.29
87.7
100.52
142.19
80.62
164.93
33.69
146.66
83.96
165.21
75.22
121.29
69.91
160.14
114.39
64.95
60.02
43.93
58.34
53.23
81.4
75.74
91.34
80.11
74.38
83.64
46.42
51.41
245.11
54.26
72.04
39.53
47.92
66.37
224.46
15.55
18.41
16.2
21.11
27.65
52.94
16.59
26.58
78.38
65.93
12.4
90.35
65.4
29.84
28.46
28.63
22.77
23.82
67.11
49.8
10.64
93.03
53.39
60.92
43.41
46.56
28.33
21.03
15.52
16.07
44.82
55.22
33.45
40.11
60.64
129.47
25.42
24.58
43.26
84.45
47.94
30.73
42.01
64.53
96.99
152.74
73.93
20.59
21.79
48.63
44.29
21.34
31.94
130.94
86.87
89.41
77.02
124.93
90.25
15.72
173.94
44.54
43.1
76.23
18.12
37.58
78.39
86.53
90.55
59.9
73.62
41.59
87.7
86.28
38.48
50.51
122.11
72.01
65.56
53.36
22.27
86.58
56.66
51.64
74.44
97.84
106.56
42.64
135.98
46.6
55.91
32.74
55.14
77.12
35.37
43.81
42.63
125.43
30.09
29.97
40.11
39.19
40.86
69.64
33.6
60.08
67.7
89.39
38.5
96.92
39.94
74.98
98.36
21.19
18.49